    3.00000       0.409979E-02    1.74352        508.167        1.19493    
    3.01000       0.409097E-02    1.73977        528.043        1.24166    
    3.02000       0.408219E-02    1.73604        530.067        1.24642    
    3.03000       0.407345E-02    1.73232        532.844        1.25295    
    3.04000       0.406475E-02    1.72862        534.927        1.25785    
    3.05000       0.405608E-02    1.72494        537.743        1.26447    
    3.06000       0.404746E-02    1.72127        539.847        1.26942    
    3.07000       0.403887E-02    1.71761        542.684        1.27609    
    3.08000       0.403031E-02    1.71398        544.798        1.28106    
    3.09000       0.402180E-02    1.71036        547.650        1.28777    
    3.10000       0.401332E-02    1.70675        549.772        1.29276    
    3.11000       0.400488E-02    1.70316        552.639        1.29950    
    3.12000       0.399648E-02    1.69959        554.769        1.30451    
    3.13000       0.398811E-02    1.69603        557.650        1.31128    
    3.14000       0.397978E-02    1.69249        559.786        1.31630    
    3.15000       0.397148E-02    1.68896        562.681        1.32311    
    3.16000       0.396322E-02    1.68544        564.825        1.32815    
    3.17000       0.395500E-02    1.68195        567.734        1.33499    
    3.18000       0.394681E-02    1.67846        569.885        1.34005    
    3.19000       0.393865E-02    1.67500        572.807        1.34692    
    3.20000       0.393053E-02    1.67154        574.965        1.35200    
    3.21000       0.392245E-02    1.66810        577.902        1.35890    
    3.22000       0.391439E-02    1.66468        580.067        1.36399    
    3.23000       0.390638E-02    1.66127        583.017        1.37093    
    3.24000       0.389839E-02    1.65788        585.189        1.37604    
    3.25000       0.389044E-02    1.65449        588.153        1.38301    
    3.26000       0.388253E-02    1.65113        590.333        1.38813    
    3.27000       0.387465E-02    1.64778        593.308        1.39513    
    3.28000       0.386680E-02    1.64444        595.496        1.40027    
    3.29000       0.385898E-02    1.64111        598.468        1.40726    
    3.30000       0.385120E-02    1.63780        600.673        1.41245    
    3.31000       0.384344E-02    1.63451        603.078        1.41810    
    3.32000       0.383572E-02    1.63122        606.193        1.42543    
    3.33000       0.382804E-02    1.62795        608.449        1.43073    
    3.34000       0.382038E-02    1.62470        611.170        1.43713    
    3.35000       0.381276E-02    1.62146        613.561        1.44275    
    3.36000       0.380517E-02    1.61823        616.690        1.45011    
    3.37000       0.379761E-02    1.61501        618.954        1.45543    
    3.38000       0.379008E-02    1.61181        621.407        1.46120    
    3.39000       0.378258E-02    1.60862        624.582        1.46867    
    3.40000       0.377511E-02    1.60545        626.869        1.47405    
    3.41000       0.376767E-02    1.60228        629.342        1.47986    
    3.42000       0.376027E-02    1.59913        632.542        1.48738    
    3.43000       0.375289E-02    1.59600        634.842        1.49279    
    3.44000       0.374554E-02    1.59287        637.329        1.49864    
    3.45000       0.373822E-02    1.58976        640.551        1.50622    
    3.46000       0.373094E-02    1.58666        642.863        1.51165    
    3.47000       0.372368E-02    1.58357        645.364        1.51753    
    3.48000       0.371645E-02    1.58050        648.605        1.52516    
    3.49000       0.370925E-02    1.57744        650.930        1.53062    
    3.50000       0.370208E-02    1.57439        653.445        1.53654    
    3.51000       0.369494E-02    1.57135        656.058        1.54268    
    3.52000       0.368783E-02    1.56833        659.379        1.55049    
    3.53000       0.368074E-02    1.56532        661.740        1.55604    
    3.54000       0.367369E-02    1.56231        664.284        1.56202    
    3.55000       0.366666E-02    1.55933        666.921        1.56823    
    3.56000       0.365966E-02    1.55635        670.274        1.57611    
    3.57000       0.365269E-02    1.55338        672.653        1.58170    
    3.58000       0.364575E-02    1.55043        675.216        1.58773    
    3.59000       0.363883E-02    1.54749        677.873        1.59398    
    3.60000       0.363194E-02    1.54456        680.580        1.60034    
    3.61000       0.362508E-02    1.54164        683.989        1.60836    
    3.62000       0.361824E-02    1.53874        686.400        1.61403    
    3.63000       0.361143E-02    1.53584        688.993        1.62013    
    3.64000       0.360465E-02    1.53296        691.678        1.62644    
    3.65000       0.359790E-02    1.53008        694.412        1.63287    
    3.66000       0.359117E-02    1.52722        697.173        1.63936    
    3.67000       0.358447E-02    1.52437        699.949        1.64589    
    3.68000       0.357779E-02    1.52153        702.737        1.65244    
    3.69000       0.357114E-02    1.51870        705.532        1.65902    
    3.70000       0.356452E-02    1.51589        708.334        1.66560    
    3.71000       0.355792E-02    1.51308        711.141        1.67221    
    3.72000       0.355135E-02    1.51029        713.954        1.67882    
    3.73000       0.354480E-02    1.50750        716.773        1.68545    
    3.74000       0.353828E-02    1.50473        719.597        1.69209    
    3.75000       0.353178E-02    1.50196        722.426        1.69874    
    3.76000       0.352531E-02    1.49921        725.260        1.70540    
    3.77000       0.351886E-02    1.49647        728.099        1.71208    
    3.78000       0.351244E-02    1.49374        730.944        1.71877    
    3.79000       0.350604E-02    1.49102        733.794        1.72547    
    3.80000       0.349966E-02    1.48831        736.649        1.73219    
    3.81000       0.349331E-02    1.48561        739.509        1.73891    
    3.82000       0.348699E-02    1.48292        742.375        1.74565    
    3.83000       0.348069E-02    1.48024        745.246        1.75240    
    3.84000       0.347441E-02    1.47757        748.121        1.75916    
    3.85000       0.346816E-02    1.47491        751.003        1.76594    
    3.86000       0.346193E-02    1.47226        753.889        1.77272    
    3.87000       0.345572E-02    1.46962        756.780        1.77952    
    3.88000       0.344954E-02    1.46699        759.677        1.78634    
    3.89000       0.344338E-02    1.46437        762.579        1.79316    
    3.90000       0.343724E-02    1.46176        765.486        1.79999    
    3.91000       0.343112E-02    1.45916        768.398        1.80684    
    3.92000       0.342503E-02    1.45657        771.316        1.81370    
    3.93000       0.341896E-02    1.45399        774.239        1.82058    
    3.94000       0.341292E-02    1.45142        777.166        1.82746    
    3.95000       0.340690E-02    1.44885        780.099        1.83436    
    3.96000       0.340089E-02    1.44630        783.038        1.84127    
    3.97000       0.339492E-02    1.44376        785.981        1.84819    
    3.98000       0.338896E-02    1.44123        788.930        1.85512    
    3.99000       0.338302E-02    1.43870        791.884        1.86207    
    4.00000       0.337711E-02    1.43619        794.843        1.86902    
    4.01000       0.337122E-02    1.43368        797.807        1.87599    
    4.02000       0.336535E-02    1.43119        800.776        1.88298    
    4.03000       0.335950E-02    1.42870        803.751        1.88997    
    4.04000       0.335367E-02    1.42622        806.730        1.89698    
    4.05000       0.334787E-02    1.42375        809.715        1.90400    
    4.06000       0.334208E-02    1.42129        812.705        1.91103    
    4.07000       0.333632E-02    1.41884        815.701        1.91807    
    4.08000       0.333058E-02    1.41640        818.701        1.92513    
    4.09000       0.332486E-02    1.41397        821.707        1.93219    
    4.10000       0.331916E-02    1.41154        824.718        1.93927    
    4.11000       0.331348E-02    1.40913        827.734        1.94637    
    4.12000       0.330782E-02    1.40672        830.755        1.95347    
    4.13000       0.330218E-02    1.40432        833.781        1.96059    
    4.14000       0.329656E-02    1.40193        836.813        1.96771    
    4.15000       0.329096E-02    1.39955        839.849        1.97485    
    4.16000       0.328538E-02    1.39718        842.891        1.98201    
    4.17000       0.327982E-02    1.39481        845.938        1.98917    
    4.18000       0.327428E-02    1.39246        848.990        1.99635    
    4.19000       0.326876E-02    1.39011        852.048        2.00354    
    4.20000       0.326326E-02    1.38777        855.110        2.01074    
    4.21000       0.325778E-02    1.38544        858.178        2.01795    
    4.22000       0.325232E-02    1.38312        861.251        2.02518    
    4.23000       0.324688E-02    1.38081        864.328        2.03242    
    4.24000       0.324146E-02    1.37850        867.412        2.03967    
    4.25000       0.323606E-02    1.37620        870.500        2.04693    
    4.26000       0.323067E-02    1.37391        873.593        2.05420    
    4.27000       0.322531E-02    1.37163        876.692        2.06149    
    4.28000       0.321996E-02    1.36936        879.796        2.06879    
    4.29000       0.321463E-02    1.36709        882.905        2.07610    
    4.30000       0.320933E-02    1.36483        886.019        2.08342    
    4.31000       0.320404E-02    1.36258        889.138        2.09075    
    4.32000       0.319876E-02    1.36034        892.263        2.09810    
    4.33000       0.319351E-02    1.35811        895.392        2.10546    
    4.34000       0.318828E-02    1.35588        898.527        2.11283    
    4.35000       0.318306E-02    1.35366        901.667        2.12022    
    4.36000       0.317786E-02    1.35145        904.812        2.12761    
    4.37000       0.317268E-02    1.34925        907.962        2.13502    
    4.38000       0.316752E-02    1.34705        911.117        2.14244    
    4.39000       0.316237E-02    1.34487        914.278        2.14987    
    4.40000       0.315724E-02    1.34269        917.443        2.15731    
    4.41000       0.315213E-02    1.34051        920.614        2.16477    
    4.42000       0.314704E-02    1.33835        923.790        2.17224    
    4.43000       0.314197E-02    1.33619        926.971        2.17972    
    4.44000       0.313691E-02    1.33404        930.157        2.18721    
    4.45000       0.313187E-02    1.33189        933.348        2.19471    
    4.46000       0.312685E-02    1.32976        936.545        2.20223    
    4.47000       0.312184E-02    1.32763        939.746        2.20976    
    4.48000       0.311685E-02    1.32551        942.953        2.21730    
    4.49000       0.311188E-02    1.32339        946.165        2.22485    
    4.50000       0.310693E-02    1.32129        949.382        2.23241    
    4.51000       0.310199E-02    1.31919        952.604        2.23999    
    4.52000       0.309707E-02    1.31709        955.831        2.24758    
    4.53000       0.309216E-02    1.31501        959.064        2.25518    
    4.54000       0.308727E-02    1.31293        962.301        2.26279    
    4.55000       0.308240E-02    1.31086        965.544        2.27042    
    4.56000       0.307754E-02    1.30879        968.792        2.27806    
    4.57000       0.307270E-02    1.30673        972.045        2.28570    
    4.58000       0.306788E-02    1.30468        975.303        2.29337    
    4.59000       0.306307E-02    1.30264        978.566        2.30104    
    4.60000       0.305828E-02    1.30060        981.834        2.30872    
    4.61000       0.305351E-02    1.29857        985.107        2.31642    
    4.62000       0.304875E-02    1.29654        988.386        2.32413    
    4.63000       0.304400E-02    1.29453        991.670        2.33185    
    4.64000       0.303928E-02    1.29252        994.958        2.33958    
    4.65000       0.303456E-02    1.29051        998.252        2.34733    
    4.66000       0.302987E-02    1.28852        1001.55        2.35509    
    4.67000       0.302519E-02    1.28652        1004.86        2.36286    
    4.68000       0.302052E-02    1.28454        1008.16        2.37064    
    4.69000       0.301587E-02    1.28256        1011.48        2.37843    
    4.70000       0.301123E-02    1.28059        1014.80        2.38624    
    4.71000       0.300661E-02    1.27863        1018.12        2.39406    
    4.72000       0.300201E-02    1.27667        1021.45        2.40188    
    4.73000       0.299742E-02    1.27472        1024.79        2.40973    
    4.74000       0.299284E-02    1.27277        1028.13        2.41758    
    4.75000       0.298828E-02    1.27083        1031.47        2.42545    
    4.76000       0.298374E-02    1.26890        1034.82        2.43332    
    4.77000       0.297921E-02    1.26697        1038.18        2.44121    
    4.78000       0.297469E-02    1.26505        1041.54        2.44911    
    4.79000       0.297019E-02    1.26314        1044.90        2.45703    
    4.80000       0.296570E-02    1.26123        1048.27        2.46495    
    4.81000       0.296123E-02    1.25933        1051.65        2.47289    
    4.82000       0.295677E-02    1.25743        1055.03        2.48084    
    4.83000       0.295233E-02    1.25554        1058.42        2.48880    
    4.84000       0.294790E-02    1.25366        1061.81        2.49678    
    4.85000       0.294349E-02    1.25178        1065.20        2.50476    
    4.86000       0.293909E-02    1.24991        1068.60        2.51276    
    4.87000       0.293470E-02    1.24804        1072.01        2.52077    
    4.88000       0.293033E-02    1.24618        1075.42        2.52879    
    4.89000       0.292597E-02    1.24433        1078.84        2.53682    
    4.90000       0.292162E-02    1.24248        1082.26        2.54487    
    4.91000       0.291729E-02    1.24064        1085.69        2.55293    
    4.92000       0.291297E-02    1.23880        1089.12        2.56100    
    4.93000       0.290867E-02    1.23697        1092.56        2.56908    
    4.94000       0.290438E-02    1.23515        1096.00        2.57717    
    4.95000       0.290010E-02    1.23333        1099.44        2.58528    
    4.96000       0.289584E-02    1.23152        1102.90        2.59340    
    4.97000       0.289159E-02    1.22971        1106.35        2.60152    
    4.98000       0.288735E-02    1.22791        1109.82        2.60967    
    4.99000       0.288313E-02    1.22611        1113.28        2.61782    
    5.00000       0.287892E-02    1.22432        1116.76        2.62598    
    5.01000       0.287472E-02    1.22254        1120.23        2.63416    
    5.02000       0.287054E-02    1.22076        1123.72        2.64235    
    5.03000       0.286637E-02    1.21898        1127.20        2.65055    
    5.04000       0.286221E-02    1.21722        1130.70        2.65876    
    5.05000       0.285807E-02    1.21545        1134.19        2.66699    
    5.06000       0.285393E-02    1.21370        1137.70        2.67523    
    5.07000       0.284982E-02    1.21194        1141.20        2.68347    
    5.08000       0.284571E-02    1.21020        1144.72        2.69173    
    5.09000       0.284162E-02    1.20846        1148.24        2.70001    
    5.10000       0.283753E-02    1.20672        1151.76        2.70829    
    5.11000       0.283347E-02    1.20499        1155.29        2.71659    
    5.12000       0.282941E-02    1.20327        1158.82        2.72489    
    5.13000       0.282537E-02    1.20155        1162.36        2.73321    
    5.14000       0.282134E-02    1.19983        1165.90        2.74155    
    5.15000       0.281732E-02    1.19812        1169.45        2.74989    
    5.16000       0.281331E-02    1.19642        1173.00        2.75824    
    5.17000       0.280932E-02    1.19472        1176.56        2.76661    
    5.18000       0.280533E-02    1.19303        1180.12        2.77499    
    5.19000       0.280136E-02    1.19134        1183.69        2.78337    
    5.20000       0.279741E-02    1.18966        1187.25        2.79176    
    5.21000       0.279346E-02    1.18798        1190.80        2.80010    
    5.22000       0.278953E-02    1.18631        1194.41        2.80857    
    5.23000       0.278560E-02    1.18464        1196.79        2.81418    
    5.24000       0.278169E-02    1.18298        1201.00        2.82408    
    5.25000       0.277780E-02    1.18132        1204.91        2.83326    
    5.26000       0.277391E-02    1.17966        1208.66        2.84210    
    5.27000       0.277004E-02    1.17802        1212.35        2.85077    
    5.28000       0.276617E-02    1.17637        1214.77        2.85645    
    5.29000       0.276232E-02    1.17474        1219.02        2.86646    
    5.30000       0.275848E-02    1.17310        1222.97        2.87573    
    5.31000       0.275465E-02    1.17147        1226.75        2.88464    
    5.32000       0.275083E-02    1.16985        1230.46        2.89336    
    5.33000       0.274703E-02    1.16823        1232.89        2.89907    
    5.34000       0.274323E-02    1.16662        1237.18        2.90916    
    5.35000       0.273945E-02    1.16501        1241.16        2.91851    
    5.36000       0.273568E-02    1.16341        1244.97        2.92748    
    5.37000       0.273192E-02    1.16181        1247.44        2.93329    
    5.38000       0.272817E-02    1.16021        1251.78        2.94349    
    5.39000       0.272443E-02    1.15862        1255.79        2.95292    
    5.40000       0.272070E-02    1.15704        1259.64        2.96196    
    5.41000       0.271699E-02    1.15546        1262.11        2.96778    
    5.42000       0.271328E-02    1.15388        1266.48        2.97806    
    5.43000       0.270959E-02    1.15231        1270.52        2.98754    
    5.44000       0.270590E-02    1.15074        1274.38        2.99663    
    5.45000       0.270223E-02    1.14918        1276.87        3.00247    
    5.46000       0.269857E-02    1.14762        1281.26        3.01282    
    5.47000       0.269491E-02    1.14607        1285.32        3.02236    
    5.48000       0.269127E-02    1.14452        1287.89        3.02840    
    5.49000       0.268764E-02    1.14298        1292.36        3.03890    
    5.50000       0.268402E-02    1.14144        1296.45        3.04854    
    5.51000       0.268041E-02    1.13990        1299.04        3.05462    
    5.52000       0.267681E-02    1.13837        1303.53        3.06518    
    5.53000       0.267323E-02    1.13685        1307.65        3.07487    
    5.54000       0.266965E-02    1.13532        1310.25        3.08097    
    5.55000       0.266608E-02    1.13381        1314.76        3.09158    
    5.56000       0.266252E-02    1.13229        1318.90        3.10132    
    5.57000       0.265898E-02    1.13079        1321.50        3.10743    
    5.58000       0.265544E-02    1.12928        1326.04        3.11809    
    5.59000       0.265191E-02    1.12778        1330.19        3.12787    
    5.60000       0.264840E-02    1.12629        1332.80        3.13399    
    5.61000       0.264489E-02    1.12480        1337.35        3.14471    
    5.62000       0.264139E-02    1.12331        1341.53        3.15453    
    5.63000       0.263791E-02    1.12183        1344.14        3.16066    
    5.64000       0.263443E-02    1.12035        1348.72        3.17143    
    5.65000       0.263096E-02    1.11887        1352.91        3.18129    
    5.66000       0.262751E-02    1.11740        1355.53        3.18744    
    5.67000       0.262406E-02    1.11594        1360.13        3.19826    
    5.68000       0.262062E-02    1.11448        1364.34        3.20817    
    5.69000       0.261719E-02    1.11302        1366.96        3.21433    
    5.70000       0.261378E-02    1.11156        1371.58        3.22520    
    5.71000       0.261037E-02    1.11011        1375.81        3.23514    
    5.72000       0.260697E-02    1.10867        1378.44        3.24131    
    5.73000       0.260358E-02    1.10723        1383.08        3.25224    
    5.74000       0.260020E-02    1.10579        1387.33        3.26223    
    5.75000       0.259683E-02    1.10436        1389.96        3.26841    
    5.76000       0.259347E-02    1.10293        1394.63        3.27938    
    5.77000       0.259012E-02    1.10150        1398.89        3.28941    
    5.78000       0.258678E-02    1.10008        1401.53        3.29561    
    5.79000       0.258345E-02    1.09867        1406.22        3.30663    
    5.80000       0.258012E-02    1.09725        1410.50        3.31670    
    5.81000       0.257681E-02    1.09584        1413.14        3.32291    
    5.82000       0.257350E-02    1.09444        1417.85        3.33399    
    5.83000       0.257021E-02    1.09304        1420.68        3.34065    
    5.84000       0.256692E-02    1.09164        1425.52        3.35202    
    5.85000       0.256365E-02    1.09024        1429.89        3.36230    
    5.86000       0.256038E-02    1.08885        1432.56        3.36859    
    5.87000       0.255712E-02    1.08747        1437.33        3.37978    
    5.88000       0.255387E-02    1.08609        1440.17        3.38648    
    5.89000       0.255063E-02    1.08471        1445.05        3.39795    
    5.90000       0.254739E-02    1.08333        1449.46        3.40831    
    5.91000       0.254417E-02    1.08196        1452.14        3.41462    
    5.92000       0.254096E-02    1.08060        1456.94        3.42590    
    5.93000       0.253775E-02    1.07923        1459.80        3.43263    
    5.94000       0.253455E-02    1.07787        1464.71        3.44419    
    5.95000       0.253137E-02    1.07652        1467.63        3.45103    
    5.96000       0.252819E-02    1.07517        1472.58        3.46269    
    5.97000       0.252502E-02    1.07382        1475.51        3.46958    
    5.98000       0.252185E-02    1.07247        1480.50        3.48130    
    5.99000       0.251870E-02    1.07113        1483.43        3.48821    
    6.00000       0.251556E-02    1.06979        1488.43        3.49996    
    6.01000       0.251242E-02    1.06846        1491.38        3.50688    
    6.02000       0.250929E-02    1.06713        1496.39        3.51868    
    6.03000       0.250617E-02    1.06580        1499.34        3.52561    
    6.04000       0.250306E-02    1.06448        1504.37        3.53744    
    6.05000       0.249996E-02    1.06316        1507.32        3.54438    
    6.06000       0.249686E-02    1.06184        1512.37        3.55625    
    6.07000       0.249378E-02    1.06053        1515.33        3.56320    
    6.08000       0.249070E-02    1.05922        1520.39        3.57511    
    6.09000       0.248763E-02    1.05792        1523.35        3.58207    
    6.10000       0.248457E-02    1.05662        1528.43        3.59401    
    6.11000       0.248152E-02    1.05532        1531.39        3.60098    
    6.12000       0.247847E-02    1.05402        1536.49        3.61296    
    6.13000       0.247543E-02    1.05273        1539.46        3.61994    
    6.14000       0.247241E-02    1.05144        1544.57        3.63195    
    6.15000       0.246938E-02    1.05016        1547.54        3.63895    
    6.16000       0.246637E-02    1.04888        1552.66        3.65100    
    6.17000       0.246337E-02    1.04760        1555.64        3.65800    
    6.18000       0.246037E-02    1.04633        1560.78        3.67009    
    6.19000       0.245738E-02    1.04505        1563.77        3.67710    
    6.20000       0.245440E-02    1.04379        1568.92        3.68922    
    6.21000       0.245143E-02    1.04252        1571.91        3.69625    
    6.22000       0.244846E-02    1.04126        1577.08        3.70840    
    6.23000       0.244551E-02    1.04000        1580.07        3.71544    
    6.24000       0.244256E-02    1.03875        1585.26        3.72763    
    6.25000       0.243961E-02    1.03750        1588.25        3.73468    
    6.26000       0.243668E-02    1.03625        1593.45        3.74691    
    6.27000       0.243375E-02    1.03501        1596.45        3.75397    
    6.28000       0.243084E-02    1.03376        1601.67        3.76623    
    6.29000       0.242792E-02    1.03253        1604.68        3.77330    
    6.30000       0.242502E-02    1.03129        1609.91        3.78560    
    6.31000       0.242213E-02    1.03006        1612.92        3.79268    
    6.32000       0.241924E-02    1.02883        1618.16        3.80501    
    6.33000       0.241636E-02    1.02761        1621.18        3.81210    
    6.34000       0.241348E-02    1.02638        1626.44        3.82447    
    6.35000       0.241062E-02    1.02517        1629.46        3.83157    
    6.36000       0.240776E-02    1.02395        1634.74        3.84398    
    6.37000       0.240491E-02    1.02274        1637.76        3.85109    
    6.38000       0.240206E-02    1.02153        1643.05        3.86354    
    6.39000       0.239923E-02    1.02032        1646.08        3.87065    
    6.40000       0.239640E-02    1.01912        1651.39        3.88314    
    6.41000       0.239358E-02    1.01792        1654.42        3.89026    
    6.42000       0.239076E-02    1.01672        1659.74        3.90278    
    6.43000       0.238795E-02    1.01553        1662.78        3.90992    
    6.44000       0.238515E-02    1.01434        1668.12        3.92248    
    6.45000       0.238236E-02    1.01315        1671.16        3.92962    
    6.46000       0.237957E-02    1.01196        1676.51        3.94221    
    6.47000       0.237680E-02    1.01078        1679.55        3.94937    
    6.48000       0.237402E-02    1.00960        1684.92        3.96200    
    6.49000       0.237126E-02    1.00843        1687.97        3.96917    
    6.50000       0.236850E-02    1.00726        1693.36        3.98183    
    6.51000       0.236575E-02    1.00609        1696.41        3.98901    
    6.52000       0.236301E-02    1.00492        1701.81        4.00171    
    6.53000       0.236027E-02    1.00376        1704.87        4.00890    
    6.54000       0.235754E-02    1.00259        1710.29        4.02163    
    6.55000       0.235482E-02    1.00144        1713.35        4.02883    
    6.56000       0.235210E-02    1.00028        1718.78        4.04160    
    6.57000       0.234939E-02   0.999130        1721.84        4.04881    
    6.58000       0.234669E-02   0.997981        1727.29        4.06162    
    6.59000       0.234400E-02   0.996834        1730.36        4.06884    
    6.60000       0.234131E-02   0.995691        1735.82        4.08168    
    6.61000       0.233863E-02   0.994550        1738.90        4.08891    
    6.62000       0.233595E-02   0.993413        1744.37        4.10179    
    6.63000       0.233328E-02   0.992278        1747.45        4.10903    
    6.64000       0.233062E-02   0.991146        1752.95        4.12195    
    6.65000       0.232796E-02   0.990016        1756.03        4.12919    
    6.66000       0.232532E-02   0.988890        1761.54        4.14215    
    6.67000       0.232267E-02   0.987766        1764.62        4.14940    
    6.68000       0.232004E-02   0.986646        1770.15        4.16239    
    6.69000       0.231741E-02   0.985528        1773.24        4.16966    
    6.70000       0.231479E-02   0.984412        1778.78        4.18269    
    6.71000       0.231217E-02   0.983300        1781.87        4.18996    
    6.72000       0.230956E-02   0.982190        1787.43        4.20303    
    6.73000       0.230696E-02   0.981083        1790.52        4.21031    
    6.74000       0.230436E-02   0.979979        1796.10        4.22341    
    6.75000       0.230177E-02   0.978877        1799.20        4.23070    
    6.76000       0.229919E-02   0.977779        1804.78        4.24384    
    6.77000       0.229661E-02   0.976683        1807.89        4.25114    
    6.78000       0.229404E-02   0.975589        1813.49        4.26432    
    6.79000       0.229147E-02   0.974498        1816.60        4.27163    
    6.80000       0.228892E-02   0.973410        1822.22        4.28484    
    6.81000       0.228636E-02   0.972325        1825.33        4.29216    
    6.82000       0.228382E-02   0.971242        1830.97        4.30541    
    6.83000       0.228128E-02   0.970162        1834.08        4.31274    
    6.84000       0.227874E-02   0.969085        1837.75        4.32136    
    6.85000       0.227622E-02   0.968010        1843.76        4.33549    
    6.86000       0.227370E-02   0.966937        1847.04        4.34322    
    6.87000       0.227118E-02   0.965868        1852.82        4.35679    
    6.88000       0.226867E-02   0.964801        1855.99        4.36425    
    6.89000       0.226617E-02   0.963736        1859.70        4.37297    
    6.90000       0.226367E-02   0.962674        1865.77        4.38724    
    6.91000       0.226118E-02   0.961615        1869.07        4.39501    
    6.92000       0.225870E-02   0.960558        1874.89        4.40869    
    6.93000       0.225622E-02   0.959504        1878.07        4.41618    
    6.94000       0.225374E-02   0.958453        1881.80        4.42493    
    6.95000       0.225128E-02   0.957403        1887.91        4.43931    
    6.96000       0.224882E-02   0.956357        1891.23        4.44710    
    6.97000       0.224636E-02   0.955313        1897.08        4.46088    
    6.98000       0.224391E-02   0.954271        1900.28        4.46839    
    6.99000       0.224147E-02   0.953232        1904.02        4.47719    
    7.00000       0.223903E-02   0.952195        1910.18        4.49166    
    7.01000       0.223660E-02   0.951161        1913.50        4.49949    
    7.02000       0.223417E-02   0.950129        1917.32        4.50846    
    7.03000       0.223175E-02   0.949100        1923.55        4.52310    
    7.04000       0.222934E-02   0.948073        1926.90        4.53099    
    7.05000       0.222693E-02   0.947049        1930.74        4.54002    
    7.06000       0.222453E-02   0.946027        1937.00        4.55474    
    7.07000       0.222213E-02   0.945008        1940.36        4.56265    
    7.08000       0.221974E-02   0.943991        1944.22        4.57171    
    7.09000       0.221735E-02   0.942976        1950.50        4.58649    
    7.10000       0.221497E-02   0.941964        1953.88        4.59442    
    7.11000       0.221260E-02   0.940954        1957.74        4.60350    
    7.12000       0.221023E-02   0.939946        1964.05        4.61835    
    7.13000       0.220786E-02   0.938941        1967.43        4.62630    
    7.14000       0.220551E-02   0.937938        1971.30        4.63540    
    7.15000       0.220315E-02   0.936938        1977.64        4.65031    
    7.16000       0.220081E-02   0.935940        1981.03        4.65827    
    7.17000       0.219847E-02   0.934944        1984.91        4.66740    
    7.18000       0.219613E-02   0.933951        1991.28        4.68238    
    7.19000       0.219380E-02   0.932960        1994.67        4.69035    
    7.20000       0.219147E-02   0.931971        1998.57        4.69951    
    7.21000       0.218915E-02   0.930984        2004.96        4.71454    
    7.22000       0.218684E-02   0.930000        2008.36        4.72254    
    7.23000       0.218453E-02   0.929018        2012.26        4.73171    
    7.24000       0.218223E-02   0.928039        2018.68        4.74681    
    7.25000       0.217993E-02   0.927062        2022.09        4.75482    
    7.26000       0.217764E-02   0.926086        2026.00        4.76402    
    7.27000       0.217535E-02   0.925114        2032.45        4.77918    
    7.28000       0.217307E-02   0.924143        2035.86        4.78721    
    7.29000       0.217079E-02   0.923175        2039.79        4.79643    
    7.30000       0.216852E-02   0.922209        2046.26        4.81166    
    7.31000       0.216625E-02   0.921245        2049.68        4.81970    
    7.32000       0.216399E-02   0.920283        2053.61        4.82895    
    7.33000       0.216173E-02   0.919324        2060.11        4.84423    
    7.34000       0.215948E-02   0.918367        2063.54        4.85229    
    7.35000       0.215724E-02   0.917412        2067.48        4.86156    
    7.36000       0.215500E-02   0.916459        2074.01        4.87691    
    7.37000       0.215276E-02   0.915508        2077.44        4.88498    
    7.38000       0.215053E-02   0.914560        2081.40        4.89428    
    7.39000       0.214831E-02   0.913613        2087.95        4.90969    
    7.40000       0.214609E-02   0.912669        2091.39        4.91778    
    7.41000       0.214387E-02   0.911727        2095.35        4.92710    
    7.42000       0.214166E-02   0.910787        2101.93        4.94257    
    7.43000       0.213946E-02   0.909850        2105.38        4.95068    
    7.44000       0.213726E-02   0.908914        2109.35        4.96002    
    7.45000       0.213506E-02   0.907981        2115.96        4.97555    
    7.46000       0.213287E-02   0.907049        2119.42        4.98368    
    7.47000       0.213069E-02   0.906120        2123.40        4.99304    
    7.48000       0.212851E-02   0.905193        2130.03        5.00864    
    7.49000       0.212633E-02   0.904268        2133.49        5.01678    
    7.50000       0.212416E-02   0.903345        2137.48        5.02617    
    7.51000       0.212200E-02   0.902424        2144.14        5.04183    
    7.52000       0.211984E-02   0.901505        2147.61        5.04998    
    7.53000       0.211768E-02   0.900588        2151.61        5.05939    
    7.54000       0.211553E-02   0.899674        2155.92        5.06951    
    7.55000       0.211338E-02   0.898761        2162.82        5.08573    
    7.56000       0.211124E-02   0.897850        2166.39        5.09413    
    7.57000       0.210910E-02   0.896942        2170.45        5.10369    
    7.58000       0.210697E-02   0.896035        2177.21        5.11957    
    7.59000       0.210485E-02   0.895131        2180.71        5.12780    
    7.60000       0.210272E-02   0.894228        2184.74        5.13729    
    7.61000       0.210061E-02   0.893328        2189.08        5.14748    
    7.62000       0.209849E-02   0.892429        2196.04        5.16386    
    7.63000       0.209639E-02   0.891533        2199.63        5.17230    
    7.64000       0.209428E-02   0.890638        2203.72        5.18192    
    7.65000       0.209218E-02   0.889746        2208.10        5.19221    
    7.66000       0.209009E-02   0.888855        2215.12        5.20872    
    7.67000       0.208800E-02   0.887967        2218.73        5.21720    
    7.68000       0.208592E-02   0.887080        2222.84        5.22686    
    7.69000       0.208383E-02   0.886195        2227.23        5.23719    
    7.70000       0.208176E-02   0.885313        2234.29        5.25380
