0.500	2	894006000
0.500	4	55917900
0.500	6	11057500
0.500	8	3502980
0.500	10	1436810
0.500	12	694042
0.500	14	375374
0.500	16	220577
0.500	18	138118
0.500	20	90944.2
0.500	22	62378.4
0.500	24	44257.8
0.500	26	32309.5
0.500	28	24168.8
0.500	30	18464.3
0.500	32	14368.1
0.500	34	11363.4
0.500	36	9117.14
0.500	38	7409.54
0.500	40	6091.69
0.500	42	5060.75
0.500	44	4244.28
0.500	46	3590.42
0.500	48	3061.41
0.500	50	2629.4
0.500	52	2273.56
0.500	54	1978.14
0.500	56	1731.08
0.500	58	1523.07
0.500	60	1346.83
0.500	62	1196.63
0.500	64	1067.93
0.500	66	957.087
0.500	68	861.175
0.500	70	777.81
0.500	72	705.05
0.500	74	641.296
0.500	76	585.229
0.500	78	535.75
0.500	80	491.944
0.500	82	453.04
0.500	84	418.39
0.500	86	387.444
0.500	88	359.735
0.500	90	334.862
0.500	92	312.485
0.500	94	292.309
0.500	96	274.079
0.500	98	257.575
0.500	100	242.607
0.500	102	229.008
0.500	104	216.632
0.500	106	205.351
0.500	108	195.054
0.500	110	185.642
0.500	112	177.028
0.500	114	169.135
0.500	116	161.894
0.500	118	155.246
0.500	120	149.136
0.500	122	143.516
0.500	124	138.343
0.500	126	133.578
0.500	128	129.188
0.500	130	125.142
0.500	132	121.411
0.500	134	117.971
0.500	136	114.799
0.500	138	111.876
0.500	140	109.183
0.500	142	106.704
0.500	144	104.423
0.500	146	102.328
0.500	148	100.407
0.500	150	98.6481
0.500	152	97.0425
0.500	154	95.5811
0.500	156	94.2563
0.500	158	93.0609
0.500	160	91.9887
0.500	162	91.0341
0.500	164	90.1924
0.500	166	89.4593
0.500	168	88.831
0.500	170	88.3046
0.500	172	87.8773
0.500	174	87.5471
0.500	176	87.3124
0.500	178	87.172

0.750	2	397404000
0.750	4	24856500
0.750	6	4911170
0.750	8	1553690
0.750	10	636293
0.750	12	306933
0.750	14	165842
0.750	16	97409
0.750	18	61005.1
0.750	20	40202.7
0.750	22	27615.8
0.750	24	19634.6
0.750	26	14371.7
0.750	28	10784.2
0.750	30	8267.83
0.750	32	6458.31
0.750	34	5128.4
0.750	36	4131.91
0.750	38	3372.28
0.750	40	2784.21
0.750	42	2322.59
0.750	44	1955.65
0.750	46	1660.62
0.750	48	1420.95
0.750	50	1224.38
0.750	52	1061.77
0.750	54	926.169
0.750	56	812.272
0.750	58	715.958
0.750	60	634.007
0.750	62	563.879
0.750	64	503.55
0.750	66	451.399
0.750	68	406.113
0.750	70	366.625
0.750	72	332.058
0.750	74	301.691
0.750	76	274.924
0.750	78	251.259
0.750	80	230.275
0.750	82	211.619
0.750	84	194.993
0.750	86	180.141
0.750	88	166.845
0.750	90	154.921
0.750	92	144.206
0.750	94	134.561
0.750	96	125.868
0.750	98	118.019
0.750	100	110.925
0.750	102	104.504
0.750	104	98.6873
0.750	106	93.4118
0.750	108	88.6232
0.750	110	84.273
0.750	112	80.3184
0.750	114	76.721
0.750	116	73.447
0.750	118	70.4659
0.750	120	67.7505
0.750	122	65.2765
0.750	124	63.022
0.750	126	60.9673
0.750	128	59.0947
0.750	130	57.3881
0.750	132	55.8332
0.750	134	54.4169
0.750	136	53.1274
0.750	138	51.954
0.750	140	50.8869
0.750	142	49.9174
0.750	144	49.0374
0.750	146	48.2397
0.750	148	47.5179
0.750	150	46.8658
0.750	152	46.2781
0.750	154	45.75
0.750	156	45.2771
0.750	158	44.8554
0.750	160	44.4814
0.750	162	44.152
0.750	164	43.8644
0.750	166	43.6161
0.750	168	43.405
0.750	170	43.2294
0.750	172	43.0878
0.750	174	42.9789
0.750	176	42.9017
0.750	178	42.8557

1.000	2	223580000
1.000	4	13973100
1.000	6	2755920
1.000	8	870058
1.000	10	355671
1.000	12	171357
1.000	14	92551.1
1.000	16	54391.6
1.000	18	34118.1
1.000	20	22542.3
1.000	22	15539.8
1.000	24	11097.7
1.000	26	8165.46
1.000	28	6163.14
1.000	30	4755.23
1.000	32	3739.68
1.000	34	2990.5
1.000	36	2426.71
1.000	38	1994.82
1.000	40	1658.67
1.000	42	1393.26
1.000	44	1180.97
1.000	46	1009.17
1.000	48	868.654
1.000	50	752.606
1.000	52	655.92
1.000	54	574.717
1.000	56	506.019
1.000	58	447.51
1.000	60	397.374
1.000	62	354.175
1.000	64	316.762
1.000	66	284.21
1.000	68	255.767
1.000	70	230.819
1.000	72	208.86
1.000	74	189.469
1.000	76	172.298
1.000	78	157.052
1.000	80	143.483
1.000	82	131.383
1.000	84	120.572
1.000	86	110.897
1.000	88	102.226
1.000	90	94.446
1.000	92	87.4582
1.000	94	81.177
1.000	96	75.5272
1.000	98	70.4434
1.000	100	65.8675
1.000	102	61.7487
1.000	104	58.0417
1.000	106	54.7064
1.000	108	51.707
1.000	110	49.0116
1.000	112	46.5915
1.000	114	44.4209
1.000	116	42.4767
1.000	118	40.7379
1.000	120	39.1856
1.000	122	37.8025
1.000	124	36.573
1.000	126	35.4828
1.000	128	34.5189
1.000	130	33.6692
1.000	132	32.923
1.000	134	32.2701
1.000	136	31.7014
1.000	138	31.2083
1.000	140	30.7832
1.000	142	30.4186
1.000	144	30.1082
1.000	146	29.8456
1.000	148	29.6255
1.000	150	29.4425
1.000	152	29.292
1.000	154	29.1695
1.000	156	29.0713
1.000	158	28.9936
1.000	160	28.9332
1.000	162	28.8871
1.000	164	28.8528
1.000	166	28.8278
1.000	168	28.8102
1.000	170	28.7983
1.000	172	28.7905
1.000	174	28.7857
1.000	176	28.7829
1.000	178	28.7814

1.500	2	99342300
1.500	4	6189160
1.500	6	1215180
1.500	8	381967
1.500	10	155650
1.500	12	74894.9
1.500	14	40495.2
1.500	16	23887.2
1.500	18	15080.4
1.500	20	10055
1.500	22	7012.47
1.500	24	5077.77
1.500	26	3795.45
1.500	28	2914.71
1.500	30	2290.78
1.500	32	1836.57
1.500	34	1497.87
1.500	36	1239.84
1.500	38	1039.45
1.500	40	881.135
1.500	42	754.12
1.500	44	650.791
1.500	46	565.673
1.500	48	494.765
1.500	50	435.092
1.500	52	384.415
1.500	54	341.023
1.500	56	303.594
1.500	58	271.096
1.500	60	242.712
1.500	62	217.79
1.500	64	195.805
1.500	66	176.332
1.500	68	159.022
1.500	70	143.585
1.500	72	129.782
1.500	74	117.412
1.500	76	106.307
1.500	78	96.3214
1.500	80	87.3342
1.500	82	79.2395
1.500	84	71.9468
1.500	86	65.3769
1.500	88	59.4612
1.500	90	54.139
1.500	92	49.3571
1.500	94	45.068
1.500	96	41.2296
1.500	98	37.804
1.500	100	34.7569
1.500	102	32.0575
1.500	104	29.6776
1.500	106	27.5914
1.500	108	25.7751
1.500	110	24.2071
1.500	112	22.8668
1.500	114	21.7356
1.500	116	20.7958
1.500	118	20.0308
1.500	120	19.4252
1.500	122	18.9644
1.500	124	18.6347
1.500	126	18.4231
1.500	128	18.3173
1.500	130	18.3056
1.500	132	18.3771
1.500	134	18.5213
1.500	136	18.7284
1.500	138	18.989
1.500	140	19.2942
1.500	142	19.6358
1.500	144	20.0058
1.500	146	20.3969
1.500	148	20.802
1.500	150	21.2146
1.500	152	21.6287
1.500	154	22.0386
1.500	156	22.4389
1.500	158	22.8249
1.500	160	23.1921
1.500	162	23.5365
1.500	164	23.8544
1.500	166	24.1425
1.500	168	24.3979
1.500	170	24.6183
1.500	172	24.8015
1.500	174	24.9457
1.500	176	25.0497
1.500	178	25.1124

2.000	2	55829600
2.000	4	3465150
2.000	6	677058
2.000	8	211848
2.000	10	86042.7
2.000	12	41350.5
2.000	14	22390.6
2.000	16	13268.4
2.000	18	8443.19
2.000	20	5693.23
2.000	22	4027.88
2.000	24	2966.8
2.000	26	2260.77
2.000	28	1772.96
2.000	30	1424.59
2.000	32	1168.4
2.000	34	975.017
2.000	36	825.593
2.000	38	707.696
2.000	40	612.916
2.000	42	535.432
2.000	44	471.13
2.000	46	417.052
2.000	48	371.027
2.000	50	331.44
2.000	52	297.071
2.000	54	266.986
2.000	56	240.461
2.000	58	216.925
2.000	60	195.928
2.000	62	177.108
2.000	64	160.171
2.000	66	144.879
2.000	68	131.034
2.000	70	118.473
2.000	72	107.059
2.000	74	96.6774
2.000	76	87.2297
2.000	78	78.6323
2.000	80	70.8128
2.000	82	63.7084
2.000	84	57.264
2.000	86	51.4308
2.000	88	46.1654
2.000	90	41.4285
2.000	92	37.1844
2.000	94	33.4004
2.000	96	30.0462
2.000	98	27.0934
2.000	100	24.5154
2.000	102	22.2869
2.000	104	20.3838
2.000	106	18.7831
2.000	108	17.4627
2.000	110	16.4013
2.000	112	15.5783
2.000	114	14.9739
2.000	116	14.5691
2.000	118	14.3454
2.000	120	14.2852
2.000	122	14.3715
2.000	124	14.5882
2.000	126	14.9196
2.000	128	15.3512
2.000	130	15.8688
2.000	132	16.4592
2.000	134	17.11
2.000	136	17.8095
2.000	138	18.5466
2.000	140	19.3111
2.000	142	20.0933
2.000	144	20.8844
2.000	146	21.676
2.000	148	22.4605
2.000	150	23.2309
2.000	152	23.9805
2.000	154	24.7034
2.000	156	25.3941
2.000	158	26.0476
2.000	160	26.6592
2.000	162	27.2248
2.000	164	27.7408
2.000	166	28.2037
2.000	168	28.6108
2.000	170	28.9595
2.000	172	29.2477
2.000	174	29.4736
2.000	176	29.636
2.000	178	29.7338

2.500	2	35692700
2.500	4	2206330
2.500	6	428596
2.500	8	133247
2.500	10	53800.3
2.500	12	25746.5
2.500	14	13921
2.500	16	8267.48
2.500	18	5294.75
2.500	20	3609.05
2.500	22	2591.88
2.500	24	1944.89
2.500	26	1514.1
2.500	28	1215.44
2.500	30	1.000.78
2.500	32	841.418
2.500	34	719.611
2.500	36	624.037
2.500	38	547.269
2.500	40	484.307
2.500	42	431.707
2.500	44	387.045
2.500	46	348.58
2.500	48	315.043
2.500	50	285.488
2.500	52	259.203
2.500	54	235.643
2.500	56	214.385
2.500	58	195.097
2.500	60	177.518
2.500	62	161.436
2.500	64	146.683
2.500	66	133.121
2.500	68	120.638
2.500	70	109.139
2.500	72	98.549
2.500	74	88.8026
2.500	76	79.8454
2.500	78	71.6305
2.500	80	64.1173
2.500	82	57.2697
2.500	84	51.0551
2.500	86	45.4434
2.500	88	40.4059
2.500	90	35.9152
2.500	92	31.944
2.500	94	28.4652
2.500	96	25.4515
2.500	98	22.8752
2.500	100	20.7081
2.500	102	18.9216
2.500	104	17.4868
2.500	106	16.3745
2.500	108	15.5557
2.500	110	15.0016
2.500	112	14.6837
2.500	114	14.5746
2.500	116	14.6479
2.500	118	14.8781
2.500	120	15.2418
2.500	122	15.7167
2.500	124	16.2828
2.500	126	16.9216
2.500	128	17.6167
2.500	130	18.3539
2.500	132	19.1204
2.500	134	19.9056
2.500	136	20.7003
2.500	138	21.497
2.500	140	22.2894
2.500	142	23.0723
2.500	144	23.8414
2.500	146	24.5931
2.500	148	25.3243
2.500	150	26.0321
2.500	152	26.7141
2.500	154	27.3675
2.500	156	27.9899
2.500	158	28.5783
2.500	160	29.13
2.500	162	29.642
2.500	164	30.1112
2.500	166	30.5345
2.500	168	30.9089
2.500	170	31.2313
2.500	172	31.4992
2.500	174	31.7102
2.500	176	31.8624
2.500	178	31.9542
