   5.0000e-01   2.0866e+00   8.7479e+00   2.4517e+03   1.8678e+06
   5.0000e-01   2.0866e+00   1.0496e+01   1.1844e+03   9.0227e+05
   5.0000e-01   2.0866e+00   1.2244e+01   6.4051e+02   4.8796e+05
   5.0000e-01   2.0866e+00   1.3991e+01   3.7629e+02   2.8667e+05
   5.0000e-01   2.0866e+00   1.5738e+01   2.3553e+02   1.7943e+05
   5.0000e-01   2.0866e+00   1.7483e+01   1.5500e+02   1.1808e+05
   5.0000e-01   2.0866e+00   1.9228e+01   1.0624e+02   8.0935e+04
   5.0000e-01   2.0866e+00   2.0971e+01   7.5315e+01   5.7377e+04
   5.0000e-01   2.0866e+00   2.2713e+01   5.4932e+01   4.1849e+04
   5.0000e-01   2.0866e+00   2.4454e+01   4.1051e+01   3.1274e+04
   5.0000e-01   2.0866e+00   2.6193e+01   3.1330e+01   2.3868e+04
   5.0000e-01   2.0866e+00   2.7931e+01   2.4354e+01   1.8554e+04
   5.0000e-01   2.0866e+00   2.9667e+01   1.9241e+01   1.4659e+04
   5.0000e-01   2.0866e+00   3.1401e+01   1.5423e+01   1.1749e+04
   5.0000e-01   2.0866e+00   3.3133e+01   1.2522e+01   9.5399e+03
   5.0000e-01   2.0866e+00   3.4863e+01   1.0286e+01   7.8363e+03
   5.0000e-01   2.0866e+00   3.6591e+01   8.5386e+00   6.5050e+03
   5.0000e-01   2.0866e+00   3.8317e+01   7.1561e+00   5.4517e+03
   5.0000e-01   2.0866e+00   4.0041e+01   6.0499e+00   4.6090e+03
   5.0000e-01   2.0866e+00   4.1761e+01   5.1559e+00   3.9279e+03
   5.0000e-01   2.0866e+00   4.3479e+01   4.4265e+00   3.3722e+03
   5.0000e-01   2.0866e+00   4.5195e+01   3.8262e+00   2.9149e+03
   5.0000e-01   2.0866e+00   4.6907e+01   3.3283e+00   2.5356e+03
   5.0000e-01   2.0866e+00   4.8616e+01   2.9122e+00   2.2186e+03
   5.0000e-01   2.0866e+00   5.0322e+01   2.5621e+00   1.9519e+03
   5.0000e-01   2.0866e+00   5.2024e+01   2.2656e+00   1.7260e+03
   5.0000e-01   2.0866e+00   5.3723e+01   2.0130e+00   1.5336e+03
   5.0000e-01   2.0866e+00   5.5418e+01   1.7967e+00   1.3688e+03
   5.0000e-01   2.0866e+00   5.7109e+01   1.6104e+00   1.2269e+03
   5.0000e-01   2.0866e+00   5.8796e+01   1.4492e+00   1.1041e+03
   5.0000e-01   2.0866e+00   6.0479e+01   1.3091e+00   9.9733e+02
   5.0000e-01   2.0866e+00   6.2157e+01   1.1868e+00   9.0416e+02
   5.0000e-01   2.0866e+00   6.3831e+01   1.0796e+00   8.2249e+02
   5.0000e-01   2.0866e+00   6.5500e+01   9.8531e-01   7.5064e+02
   5.0000e-01   2.0866e+00   6.7164e+01   9.0202e-01   6.8719e+02
   5.0000e-01   2.0866e+00   6.8822e+01   8.2823e-01   6.3097e+02
   5.0000e-01   2.0866e+00   7.0475e+01   7.6264e-01   5.8100e+02
   5.0000e-01   2.0866e+00   7.2122e+01   7.0415e-01   5.3644e+02
   5.0000e-01   2.0866e+00   7.3764e+01   6.5186e-01   4.9660e+02
   5.0000e-01   2.0866e+00   7.5399e+01   6.0497e-01   4.6088e+02
   5.0000e-01   2.0866e+00   7.7028e+01   5.6282e-01   4.2877e+02
   5.0000e-01   2.0866e+00   7.8650e+01   5.2483e-01   3.9983e+02
   5.0000e-01   2.0866e+00   8.0265e+01   4.9052e-01   3.7369e+02
   5.0000e-01   2.0866e+00   8.1873e+01   4.5946e-01   3.5003e+02
   5.0000e-01   2.0866e+00   8.3474e+01   4.3128e-01   3.2856e+02
   5.0000e-01   2.0866e+00   8.5067e+01   4.0566e-01   3.0905e+02
   5.0000e-01   2.0866e+00   8.6652e+01   3.8233e-01   2.9127e+02
   5.0000e-01   2.0866e+00   8.8229e+01   3.6104e-01   2.7505e+02
   5.0000e-01   2.0866e+00   8.9797e+01   3.4158e-01   2.6022e+02
   5.0000e-01   2.0866e+00   9.1356e+01   3.2376e-01   2.4665e+02
   5.0000e-01   2.0866e+00   9.2906e+01   3.0742e-01   2.3420e+02
   5.0000e-01   2.0866e+00   9.4446e+01   2.9241e-01   2.2276e+02
   5.0000e-01   2.0866e+00   9.5977e+01   2.7860e-01   2.1225e+02
   5.0000e-01   2.0866e+00   9.7497e+01   2.6589e-01   2.0256e+02
   5.0000e-01   2.0866e+00   9.9007e+01   2.5416e-01   1.9362e+02
   5.0000e-01   2.0866e+00   1.0051e+02   2.4333e-01   1.8537e+02
   5.0000e-01   2.0866e+00   1.0199e+02   2.3331e-01   1.7774e+02
   5.0000e-01   2.0866e+00   1.0347e+02   2.2404e-01   1.7068e+02
   5.0000e-01   2.0866e+00   1.0493e+02   2.1546e-01   1.6414e+02
   5.0000e-01   2.0866e+00   1.0638e+02   2.0749e-01   1.5807e+02
   5.0000e-01   2.0866e+00   1.0782e+02   2.0009e-01   1.5243e+02
   5.0000e-01   2.0866e+00   1.0925e+02   1.9321e-01   1.4720e+02
   5.0000e-01   2.0866e+00   1.1066e+02   1.8682e-01   1.4232e+02
   5.0000e-01   2.0866e+00   1.1206e+02   1.8086e-01   1.3779e+02
   5.0000e-01   2.0866e+00   1.1344e+02   1.7531e-01   1.3356e+02
   5.0000e-01   2.0866e+00   1.1481e+02   1.7014e-01   1.2962e+02
   5.0000e-01   2.0866e+00   1.1616e+02   1.6531e-01   1.2594e+02
   5.0000e-01   2.0866e+00   1.1750e+02   1.6080e-01   1.2250e+02
   5.0000e-01   2.0866e+00   1.1883e+02   1.5659e-01   1.1929e+02
   5.0000e-01   2.0866e+00   1.2013e+02   1.5265e-01   1.1629e+02
   5.0000e-01   2.0866e+00   1.2142e+02   1.4896e-01   1.1348e+02
   5.0000e-01   2.0866e+00   1.2270e+02   1.4551e-01   1.1085e+02
   5.0000e-01   2.0866e+00   1.2395e+02   1.4228e-01   1.0839e+02
   5.0000e-01   2.0866e+00   1.2519e+02   1.3925e-01   1.0608e+02
   5.0000e-01   2.0866e+00   1.2641e+02   1.3641e-01   1.0392e+02
   5.0000e-01   2.0866e+00   1.2761e+02   1.3375e-01   1.0189e+02
   5.0000e-01   2.0866e+00   1.2880e+02   1.3125e-01   9.9987e+01
   5.0000e-01   2.0866e+00   1.2996e+02   1.2890e-01   9.8200e+01
   5.0000e-01   2.0866e+00   1.3111e+02   1.2670e-01   9.6523e+01
   5.0000e-01   2.0866e+00   1.3224e+02   1.2463e-01   9.4947e+01
   5.0000e-01   2.0866e+00   1.3334e+02   1.2269e-01   9.3466e+01
   5.0000e-01   2.0866e+00   1.3443e+02   1.2086e-01   9.2075e+01
   5.0000e-01   2.0866e+00   1.3550e+02   1.1914e-01   9.0766e+01
   5.0000e-01   2.0866e+00   1.3655e+02   1.1753e-01   8.9536e+01
   5.0000e-01   2.0866e+00   1.3758e+02   1.1601e-01   8.8378e+01
   5.0000e-01   2.0866e+00   1.3859e+02   1.1458e-01   8.7289e+01
   5.0000e-01   2.0866e+00   1.3958e+02   1.1323e-01   8.6263e+01
   5.0000e-01   2.0866e+00   1.4055e+02   1.1197e-01   8.5298e+01
   5.0000e-01   2.0866e+00   1.4150e+02   1.1077e-01   8.4389e+01
   5.0000e-01   2.0866e+00   1.4243e+02   1.0965e-01   8.3533e+01
   5.0000e-01   2.0866e+00   1.4334e+02   1.0859e-01   8.2727e+01
   5.0000e-01   2.0866e+00   1.4424e+02   1.0759e-01   8.1967e+01
   5.0000e-01   2.0866e+00   1.4511e+02   1.0665e-01   8.1251e+01
   5.0000e-01   2.0866e+00   1.4596e+02   1.0577e-01   8.0575e+01
   5.0000e-01   2.0866e+00   1.4680e+02   1.0493e-01   7.9938e+01
   5.0000e-01   2.0866e+00   1.4761e+02   1.0414e-01   7.9337e+01
   5.0000e-01   2.0866e+00   1.4841e+02   1.0340e-01   7.8771e+01
   5.0000e-01   2.0866e+00   1.4919e+02   1.0269e-01   7.8236e+01
   5.0000e-01   2.0866e+00   1.4995e+02   1.0203e-01   7.7731e+01
   5.0000e-01   2.0866e+00   1.5070e+02   1.0141e-01   7.7254e+01
   5.0000e-01   2.0866e+00   1.5142e+02   1.0081e-01   7.6804e+01
   5.0000e-01   2.0866e+00   1.5213e+02   1.0026e-01   7.6378e+01
   5.0000e-01   2.0866e+00   1.5283e+02   9.9729e-02   7.5976e+01
   5.0000e-01   2.0866e+00   1.5350e+02   9.9230e-02   7.5596e+01
   5.0000e-01   2.0866e+00   1.5416e+02   9.8758e-02   7.5237e+01
   5.0000e-01   2.0866e+00   1.5481e+02   9.8312e-02   7.4897e+01
   5.0000e-01   2.0866e+00   1.5544e+02   9.7890e-02   7.4575e+01
   5.0000e-01   2.0866e+00   1.5606e+02   9.7490e-02   7.4271e+01
   5.0000e-01   2.0866e+00   1.5666e+02   9.7112e-02   7.3982e+01
   5.0000e-01   2.0866e+00   1.5725e+02   9.6753e-02   7.3709e+01
   5.0000e-01   2.0866e+00   1.5782e+02   9.6414e-02   7.3451e+01
   5.0000e-01   2.0866e+00   1.5838e+02   9.6092e-02   7.3206e+01
   5.0000e-01   2.0866e+00   1.5893e+02   9.5787e-02   7.2973e+01
   5.0000e-01   2.0866e+00   1.5947e+02   9.5498e-02   7.2753e+01
   5.0000e-01   2.0866e+00   1.5999e+02   9.5224e-02   7.2544e+01
   5.0000e-01   2.0866e+00   1.6051e+02   9.4964e-02   7.2346e+01
   5.0000e-01   2.0866e+00   1.6101e+02   9.4717e-02   7.2158e+01
   5.0000e-01   2.0866e+00   1.6150e+02   9.4482e-02   7.1979e+01
   5.0000e-01   2.0866e+00   1.6198e+02   9.4260e-02   7.1810e+01
   5.0000e-01   2.0866e+00   1.6245e+02   9.4048e-02   7.1648e+01
   5.0000e-01   2.0866e+00   1.6291e+02   9.3847e-02   7.1495e+01
   5.0000e-01   2.0866e+00   1.6336e+02   9.3656e-02   7.1350e+01
   5.0000e-01   2.0866e+00   1.6380e+02   9.3474e-02   7.1211e+01
   5.0000e-01   2.0866e+00   1.6423e+02   9.3301e-02   7.1079e+01
   5.0000e-01   2.0866e+00   1.6465e+02   9.3137e-02   7.0954e+01
   5.0000e-01   2.0866e+00   1.6507e+02   9.2980e-02   7.0835e+01
   5.0000e-01   2.0866e+00   1.6547e+02   9.2831e-02   7.0721e+01
   5.0000e-01   2.0866e+00   1.6587e+02   9.2690e-02   7.0613e+01
   5.0000e-01   2.0866e+00   1.6627e+02   9.2555e-02   7.0511e+01
   5.0000e-01   2.0866e+00   1.6665e+02   9.2426e-02   7.0413e+01
   5.0000e-01   2.0866e+00   1.6703e+02   9.2304e-02   7.0319e+01
   5.0000e-01   2.0866e+00   1.6740e+02   9.2187e-02   7.0231e+01
   5.0000e-01   2.0866e+00   1.6776e+02   9.2076e-02   7.0146e+01
   5.0000e-01   2.0866e+00   1.6812e+02   9.1970e-02   7.0065e+01
   5.0000e-01   2.0866e+00   1.6848e+02   9.1869e-02   6.9988e+01
   5.0000e-01   2.0866e+00   1.6882e+02   9.1773e-02   6.9915e+01
   5.0000e-01   2.0866e+00   1.6916e+02   9.1681e-02   6.9845e+01
   5.0000e-01   2.0866e+00   1.6950e+02   9.1594e-02   6.9779e+01
   5.0000e-01   2.0866e+00   1.6983e+02   9.1511e-02   6.9715e+01
   5.0000e-01   2.0866e+00   1.7016e+02   9.1431e-02   6.9655e+01
   5.0000e-01   2.0866e+00   1.7048e+02   9.1356e-02   6.9597e+01
   5.0000e-01   2.0866e+00   1.7080e+02   9.1284e-02   6.9543e+01
   5.0000e-01   2.0866e+00   1.7111e+02   9.1216e-02   6.9491e+01
   5.0000e-01   2.0866e+00   1.7142e+02   9.1150e-02   6.9441e+01
   5.0000e-01   2.0866e+00   1.7172e+02   9.1088e-02   6.9394e+01
   5.0000e-01   2.0866e+00   1.7202e+02   9.1029e-02   6.9349e+01
   5.0000e-01   2.0866e+00   1.7232e+02   9.0973e-02   6.9306e+01
   5.0000e-01   2.0866e+00   1.7262e+02   9.0920e-02   6.9265e+01
   5.0000e-01   2.0866e+00   1.7291e+02   9.0869e-02   6.9227e+01
   5.0000e-01   2.0866e+00   1.7319e+02   9.0821e-02   6.9190e+01
   5.0000e-01   2.0866e+00   1.7348e+02   9.0776e-02   6.9155e+01
   5.0000e-01   2.0866e+00   1.7376e+02   9.0733e-02   6.9123e+01
   5.0000e-01   2.0866e+00   1.7404e+02   9.0692e-02   6.9091e+01
   5.0000e-01   2.0866e+00   1.7432e+02   9.0653e-02   6.9062e+01
   5.0000e-01   2.0866e+00   1.7459e+02   9.0617e-02   6.9034e+01
   5.0000e-01   2.0866e+00   1.7486e+02   9.0583e-02   6.9008e+01
   5.0000e-01   2.0866e+00   1.7513e+02   9.0550e-02   6.8984e+01
   5.0000e-01   2.0866e+00   1.7540e+02   9.0520e-02   6.8961e+01
   5.0000e-01   2.0866e+00   1.7567e+02   9.0492e-02   6.8939e+01
   5.0000e-01   2.0866e+00   1.7593e+02   9.0465e-02   6.8919e+01
   5.0000e-01   2.0866e+00   1.7619e+02   9.0440e-02   6.8900e+01
   5.0000e-01   2.0866e+00   1.7645e+02   9.0418e-02   6.8883e+01
   5.0000e-01   2.0866e+00   1.7671e+02   9.0396e-02   6.8866e+01
   5.0000e-01   2.0866e+00   1.7697e+02   9.0377e-02   6.8852e+01
   5.0000e-01   2.0866e+00   1.7723e+02   9.0359e-02   6.8838e+01
   5.0000e-01   2.0866e+00   1.7748e+02   9.0343e-02   6.8826e+01
   5.0000e-01   2.0866e+00   1.7774e+02   9.0329e-02   6.8815e+01
   5.0000e-01   2.0866e+00   1.7799e+02   9.0316e-02   6.8805e+01
   5.0000e-01   2.0866e+00   1.7824e+02   9.0304e-02   6.8796e+01
   5.0000e-01   2.0866e+00   1.7850e+02   9.0295e-02   6.8789e+01
   5.0000e-01   2.0866e+00   1.7875e+02   9.0286e-02   6.8783e+01


   7.5000e-01   2.3366e+00   8.7479e+00   1.0866e+03   3.2355e+05
   7.5000e-01   2.3366e+00   1.0496e+01   5.2402e+02   1.5604e+05
   7.5000e-01   2.3366e+00   1.2244e+01   2.8295e+02   8.4252e+04
   7.5000e-01   2.3366e+00   1.3991e+01   1.6601e+02   4.9432e+04
   7.5000e-01   2.3366e+00   1.5738e+01   1.0381e+02   3.0911e+04
   7.5000e-01   2.3366e+00   1.7483e+01   6.8286e+01   2.0333e+04
   7.5000e-01   2.3366e+00   1.9228e+01   4.6808e+01   1.3938e+04
   7.5000e-01   2.3366e+00   2.0971e+01   3.3204e+01   9.8871e+03
   7.5000e-01   2.3366e+00   2.2713e+01   2.4246e+01   7.2197e+03
   7.5000e-01   2.3366e+00   2.4454e+01   1.8150e+01   5.4044e+03
   7.5000e-01   2.3366e+00   2.6193e+01   1.3882e+01   4.1336e+03
   7.5000e-01   2.3366e+00   2.7931e+01   1.0820e+01   3.2217e+03
   7.5000e-01   2.3366e+00   2.9667e+01   8.5739e+00   2.5530e+03
   7.5000e-01   2.3366e+00   3.1401e+01   6.8954e+00   2.0532e+03
   7.5000e-01   2.3366e+00   3.3133e+01   5.6190e+00   1.6731e+03
   7.5000e-01   2.3366e+00   3.4863e+01   4.6333e+00   1.3797e+03
   7.5000e-01   2.3366e+00   3.6591e+01   3.8616e+00   1.1499e+03
   7.5000e-01   2.3366e+00   3.8317e+01   3.2496e+00   9.6764e+02
   7.5000e-01   2.3366e+00   4.0041e+01   2.7588e+00   8.2148e+02
   7.5000e-01   2.3366e+00   4.1761e+01   2.3609e+00   7.0301e+02
   7.5000e-01   2.3366e+00   4.3479e+01   2.0353e+00   6.0605e+02
   7.5000e-01   2.3366e+00   4.5195e+01   1.7664e+00   5.2599e+02
   7.5000e-01   2.3366e+00   4.6907e+01   1.5426e+00   4.5934e+02
   7.5000e-01   2.3366e+00   4.8616e+01   1.3549e+00   4.0344e+02
   7.5000e-01   2.3366e+00   5.0322e+01   1.1963e+00   3.5623e+02
   7.5000e-01   2.3366e+00   5.2024e+01   1.0615e+00   3.1609e+02
   7.5000e-01   2.3366e+00   5.3723e+01   9.4624e-01   2.8176e+02
   7.5000e-01   2.3366e+00   5.5418e+01   8.4709e-01   2.5224e+02
   7.5000e-01   2.3366e+00   5.7109e+01   7.6138e-01   2.2671e+02
   7.5000e-01   2.3366e+00   5.8796e+01   6.8692e-01   2.0454e+02
   7.5000e-01   2.3366e+00   6.0479e+01   6.2195e-01   1.8520e+02
   7.5000e-01   2.3366e+00   6.2157e+01   5.6501e-01   1.6824e+02
   7.5000e-01   2.3366e+00   6.3831e+01   5.1492e-01   1.5333e+02
   7.5000e-01   2.3366e+00   6.5500e+01   4.7069e-01   1.4016e+02
   7.5000e-01   2.3366e+00   6.7164e+01   4.3149e-01   1.2848e+02
   7.5000e-01   2.3366e+00   6.8822e+01   3.9665e-01   1.1811e+02
   7.5000e-01   2.3366e+00   7.0475e+01   3.6559e-01   1.0886e+02
   7.5000e-01   2.3366e+00   7.2122e+01   3.3781e-01   1.0059e+02
   7.5000e-01   2.3366e+00   7.3764e+01   3.1291e-01   9.3173e+01
   7.5000e-01   2.3366e+00   7.5399e+01   2.9052e-01   8.6508e+01
   7.5000e-01   2.3366e+00   7.7028e+01   2.7035e-01   8.0502e+01
   7.5000e-01   2.3366e+00   7.8650e+01   2.5214e-01   7.5080e+01
   7.5000e-01   2.3366e+00   8.0265e+01   2.3566e-01   7.0173e+01
   7.5000e-01   2.3366e+00   8.1873e+01   2.2073e-01   6.5725e+01
   7.5000e-01   2.3366e+00   8.3474e+01   2.0716e-01   6.1685e+01
   7.5000e-01   2.3366e+00   8.5067e+01   1.9481e-01   5.8008e+01
   7.5000e-01   2.3366e+00   8.6652e+01   1.8356e-01   5.4658e+01
   7.5000e-01   2.3366e+00   8.8229e+01   1.7329e-01   5.1599e+01
   7.5000e-01   2.3366e+00   8.9797e+01   1.6390e-01   4.8803e+01
   7.5000e-01   2.3366e+00   9.1356e+01   1.5530e-01   4.6244e+01
   7.5000e-01   2.3366e+00   9.2906e+01   1.4742e-01   4.3898e+01
   7.5000e-01   2.3366e+00   9.4446e+01   1.4019e-01   4.1745e+01
   7.5000e-01   2.3366e+00   9.5977e+01   1.3355e-01   3.9766e+01
   7.5000e-01   2.3366e+00   9.7497e+01   1.2744e-01   3.7947e+01
   7.5000e-01   2.3366e+00   9.9007e+01   1.2181e-01   3.6271e+01
   7.5000e-01   2.3366e+00   1.0051e+02   1.1662e-01   3.4727e+01
   7.5000e-01   2.3366e+00   1.0199e+02   1.1184e-01   3.3302e+01
   7.5000e-01   2.3366e+00   1.0347e+02   1.0742e-01   3.1986e+01
   7.5000e-01   2.3366e+00   1.0493e+02   1.0334e-01   3.0770e+01
   7.5000e-01   2.3366e+00   1.0638e+02   9.9558e-02   2.9645e+01
   7.5000e-01   2.3366e+00   1.0782e+02   9.6062e-02   2.8604e+01
   7.5000e-01   2.3366e+00   1.0925e+02   9.2824e-02   2.7640e+01
   7.5000e-01   2.3366e+00   1.1066e+02   8.9823e-02   2.6746e+01
   7.5000e-01   2.3366e+00   1.1206e+02   8.7039e-02   2.5917e+01
   7.5000e-01   2.3366e+00   1.1344e+02   8.4455e-02   2.5148e+01
   7.5000e-01   2.3366e+00   1.1481e+02   8.2056e-02   2.4434e+01
   7.5000e-01   2.3366e+00   1.1616e+02   7.9827e-02   2.3770e+01
   7.5000e-01   2.3366e+00   1.1750e+02   7.7755e-02   2.3153e+01
   7.5000e-01   2.3366e+00   1.1883e+02   7.5828e-02   2.2579e+01
   7.5000e-01   2.3366e+00   1.2013e+02   7.4034e-02   2.2045e+01
   7.5000e-01   2.3366e+00   1.2142e+02   7.2365e-02   2.1548e+01
   7.5000e-01   2.3366e+00   1.2270e+02   7.0810e-02   2.1085e+01
   7.5000e-01   2.3366e+00   1.2395e+02   6.9362e-02   2.0654e+01
   7.5000e-01   2.3366e+00   1.2519e+02   6.8012e-02   2.0252e+01
   7.5000e-01   2.3366e+00   1.2641e+02   6.6753e-02   1.9877e+01
   7.5000e-01   2.3366e+00   1.2761e+02   6.5578e-02   1.9527e+01
   7.5000e-01   2.3366e+00   1.2880e+02   6.4482e-02   1.9201e+01
   7.5000e-01   2.3366e+00   1.2996e+02   6.3459e-02   1.8896e+01
   7.5000e-01   2.3366e+00   1.3111e+02   6.2504e-02   1.8612e+01
   7.5000e-01   2.3366e+00   1.3224e+02   6.1612e-02   1.8346e+01
   7.5000e-01   2.3366e+00   1.3334e+02   6.0778e-02   1.8098e+01
   7.5000e-01   2.3366e+00   1.3443e+02   5.9999e-02   1.7866e+01
   7.5000e-01   2.3366e+00   1.3550e+02   5.9270e-02   1.7649e+01
   7.5000e-01   2.3366e+00   1.3655e+02   5.8588e-02   1.7446e+01
   7.5000e-01   2.3366e+00   1.3758e+02   5.7951e-02   1.7256e+01
   7.5000e-01   2.3366e+00   1.3859e+02   5.7354e-02   1.7078e+01
   7.5000e-01   2.3366e+00   1.3958e+02   5.6795e-02   1.6912e+01
   7.5000e-01   2.3366e+00   1.4055e+02   5.6271e-02   1.6756e+01
   7.5000e-01   2.3366e+00   1.4150e+02   5.5781e-02   1.6610e+01
   7.5000e-01   2.3366e+00   1.4243e+02   5.5322e-02   1.6473e+01
   7.5000e-01   2.3366e+00   1.4334e+02   5.4891e-02   1.6345e+01
   7.5000e-01   2.3366e+00   1.4424e+02   5.4487e-02   1.6224e+01
   7.5000e-01   2.3366e+00   1.4511e+02   5.4108e-02   1.6112e+01
   7.5000e-01   2.3366e+00   1.4596e+02   5.3752e-02   1.6006e+01
   7.5000e-01   2.3366e+00   1.4680e+02   5.3418e-02   1.5906e+01
   7.5000e-01   2.3366e+00   1.4761e+02   5.3104e-02   1.5813e+01
   7.5000e-01   2.3366e+00   1.4841e+02   5.2810e-02   1.5725e+01
   7.5000e-01   2.3366e+00   1.4919e+02   5.2533e-02   1.5643e+01
   7.5000e-01   2.3366e+00   1.4995e+02   5.2273e-02   1.5565e+01
   7.5000e-01   2.3366e+00   1.5070e+02   5.2028e-02   1.5492e+01
   7.5000e-01   2.3366e+00   1.5142e+02   5.1797e-02   1.5424e+01
   7.5000e-01   2.3366e+00   1.5213e+02   5.1580e-02   1.5359e+01
   7.5000e-01   2.3366e+00   1.5283e+02   5.1376e-02   1.5298e+01
   7.5000e-01   2.3366e+00   1.5350e+02   5.1184e-02   1.5241e+01
   7.5000e-01   2.3366e+00   1.5416e+02   5.1002e-02   1.5187e+01
   7.5000e-01   2.3366e+00   1.5481e+02   5.0831e-02   1.5136e+01
   7.5000e-01   2.3366e+00   1.5544e+02   5.0670e-02   1.5088e+01
   7.5000e-01   2.3366e+00   1.5606e+02   5.0518e-02   1.5043e+01
   7.5000e-01   2.3366e+00   1.5666e+02   5.0374e-02   1.5000e+01
   7.5000e-01   2.3366e+00   1.5725e+02   5.0238e-02   1.4959e+01
   7.5000e-01   2.3366e+00   1.5782e+02   5.0110e-02   1.4921e+01
   7.5000e-01   2.3366e+00   1.5838e+02   4.9989e-02   1.4885e+01
   7.5000e-01   2.3366e+00   1.5893e+02   4.9874e-02   1.4851e+01
   7.5000e-01   2.3366e+00   1.5947e+02   4.9766e-02   1.4819e+01
   7.5000e-01   2.3366e+00   1.5999e+02   4.9663e-02   1.4788e+01
   7.5000e-01   2.3366e+00   1.6051e+02   4.9566e-02   1.4759e+01
   7.5000e-01   2.3366e+00   1.6101e+02   4.9474e-02   1.4732e+01
   7.5000e-01   2.3366e+00   1.6150e+02   4.9387e-02   1.4706e+01
   7.5000e-01   2.3366e+00   1.6198e+02   4.9304e-02   1.4681e+01
   7.5000e-01   2.3366e+00   1.6245e+02   4.9226e-02   1.4658e+01
   7.5000e-01   2.3366e+00   1.6291e+02   4.9151e-02   1.4636e+01
   7.5000e-01   2.3366e+00   1.6336e+02   4.9081e-02   1.4615e+01
   7.5000e-01   2.3366e+00   1.6380e+02   4.9014e-02   1.4595e+01
   7.5000e-01   2.3366e+00   1.6423e+02   4.8950e-02   1.4576e+01
   7.5000e-01   2.3366e+00   1.6465e+02   4.8890e-02   1.4558e+01
   7.5000e-01   2.3366e+00   1.6507e+02   4.8832e-02   1.4541e+01
   7.5000e-01   2.3366e+00   1.6547e+02   4.8778e-02   1.4524e+01
   7.5000e-01   2.3366e+00   1.6587e+02   4.8726e-02   1.4509e+01
   7.5000e-01   2.3366e+00   1.6627e+02   4.8676e-02   1.4494e+01
   7.5000e-01   2.3366e+00   1.6665e+02   4.8629e-02   1.4480e+01
   7.5000e-01   2.3366e+00   1.6703e+02   4.8585e-02   1.4467e+01
   7.5000e-01   2.3366e+00   1.6740e+02   4.8542e-02   1.4454e+01
   7.5000e-01   2.3366e+00   1.6776e+02   4.8502e-02   1.4442e+01
   7.5000e-01   2.3366e+00   1.6812e+02   4.8463e-02   1.4431e+01
   7.5000e-01   2.3366e+00   1.6848e+02   4.8427e-02   1.4420e+01
   7.5000e-01   2.3366e+00   1.6882e+02   4.8392e-02   1.4410e+01
   7.5000e-01   2.3366e+00   1.6916e+02   4.8359e-02   1.4400e+01
   7.5000e-01   2.3366e+00   1.6950e+02   4.8327e-02   1.4390e+01
   7.5000e-01   2.3366e+00   1.6983e+02   4.8297e-02   1.4381e+01
   7.5000e-01   2.3366e+00   1.7016e+02   4.8268e-02   1.4373e+01
   7.5000e-01   2.3366e+00   1.7048e+02   4.8241e-02   1.4365e+01
   7.5000e-01   2.3366e+00   1.7080e+02   4.8215e-02   1.4357e+01
   7.5000e-01   2.3366e+00   1.7111e+02   4.8190e-02   1.4349e+01
   7.5000e-01   2.3366e+00   1.7142e+02   4.8167e-02   1.4342e+01
   7.5000e-01   2.3366e+00   1.7172e+02   4.8144e-02   1.4336e+01
   7.5000e-01   2.3366e+00   1.7202e+02   4.8123e-02   1.4329e+01
   7.5000e-01   2.3366e+00   1.7232e+02   4.8103e-02   1.4323e+01
   7.5000e-01   2.3366e+00   1.7262e+02   4.8084e-02   1.4318e+01
   7.5000e-01   2.3366e+00   1.7291e+02   4.8066e-02   1.4312e+01
   7.5000e-01   2.3366e+00   1.7319e+02   4.8048e-02   1.4307e+01
   7.5000e-01   2.3366e+00   1.7348e+02   4.8032e-02   1.4302e+01
   7.5000e-01   2.3366e+00   1.7376e+02   4.8016e-02   1.4298e+01
   7.5000e-01   2.3366e+00   1.7404e+02   4.8002e-02   1.4293e+01
   7.5000e-01   2.3366e+00   1.7432e+02   4.7988e-02   1.4289e+01
   7.5000e-01   2.3366e+00   1.7459e+02   4.7975e-02   1.4285e+01
   7.5000e-01   2.3366e+00   1.7486e+02   4.7963e-02   1.4282e+01
   7.5000e-01   2.3366e+00   1.7513e+02   4.7951e-02   1.4278e+01
   7.5000e-01   2.3366e+00   1.7540e+02   4.7940e-02   1.4275e+01
   7.5000e-01   2.3366e+00   1.7567e+02   4.7930e-02   1.4272e+01
   7.5000e-01   2.3366e+00   1.7593e+02   4.7920e-02   1.4269e+01
   7.5000e-01   2.3366e+00   1.7619e+02   4.7912e-02   1.4267e+01
   7.5000e-01   2.3366e+00   1.7645e+02   4.7903e-02   1.4264e+01
   7.5000e-01   2.3366e+00   1.7671e+02   4.7896e-02   1.4262e+01
   7.5000e-01   2.3366e+00   1.7697e+02   4.7889e-02   1.4260e+01
   7.5000e-01   2.3366e+00   1.7723e+02   4.7883e-02   1.4258e+01
   7.5000e-01   2.3366e+00   1.7748e+02   4.7877e-02   1.4256e+01
   7.5000e-01   2.3366e+00   1.7774e+02   4.7872e-02   1.4255e+01
   7.5000e-01   2.3366e+00   1.7799e+02   4.7867e-02   1.4253e+01
   7.5000e-01   2.3366e+00   1.7824e+02   4.7863e-02   1.4252e+01
   7.5000e-01   2.3366e+00   1.7850e+02   4.7860e-02   1.4251e+01
   7.5000e-01   2.3366e+00   1.7875e+02   4.7857e-02   1.4250e+01


   1.0000e+00   2.5866e+00   8.7479e+00   6.0752e+02   1.0819e+05
   1.0000e+00   2.5866e+00   1.0496e+01   2.9241e+02   5.2075e+04
   1.0000e+00   2.5866e+00   1.2244e+01   1.5766e+02   2.8077e+04
   1.0000e+00   2.5866e+00   1.3991e+01   9.2428e+01   1.6460e+04
   1.0000e+00   2.5866e+00   1.5738e+01   5.7799e+01   1.0293e+04
   1.0000e+00   2.5866e+00   1.7483e+01   3.8052e+01   6.7768e+03
   1.0000e+00   2.5866e+00   1.9228e+01   2.6129e+01   4.6533e+03
   1.0000e+00   2.5866e+00   2.0971e+01   1.8583e+01   3.3094e+03
   1.0000e+00   2.5866e+00   2.2713e+01   1.3615e+01   2.4248e+03
   1.0000e+00   2.5866e+00   2.4454e+01   1.0234e+01   1.8226e+03
   1.0000e+00   2.5866e+00   2.6193e+01   7.8655e+00   1.4008e+03
   1.0000e+00   2.5866e+00   2.7931e+01   6.1635e+00   1.0977e+03
   1.0000e+00   2.5866e+00   2.9667e+01   4.9131e+00   8.7498e+02
   1.0000e+00   2.5866e+00   3.1401e+01   3.9762e+00   7.0812e+02
   1.0000e+00   2.5866e+00   3.3133e+01   3.2616e+00   5.8086e+02
   1.0000e+00   2.5866e+00   3.4863e+01   2.7078e+00   4.8224e+02
   1.0000e+00   2.5866e+00   3.6591e+01   2.2725e+00   4.0471e+02
   1.0000e+00   2.5866e+00   3.8317e+01   1.9257e+00   3.4296e+02
   1.0000e+00   2.5866e+00   4.0041e+01   1.6463e+00   2.9318e+02
   1.0000e+00   2.5866e+00   4.1761e+01   1.4185e+00   2.5263e+02
   1.0000e+00   2.5866e+00   4.3479e+01   1.2311e+00   2.1925e+02
   1.0000e+00   2.5866e+00   4.5195e+01   1.0754e+00   1.9152e+02
   1.0000e+00   2.5866e+00   4.6907e+01   9.4505e-01   1.6830e+02
   1.0000e+00   2.5866e+00   4.8616e+01   8.3500e-01   1.4871e+02
   1.0000e+00   2.5866e+00   5.0322e+01   7.4145e-01   1.3205e+02
   1.0000e+00   2.5866e+00   5.2024e+01   6.6141e-01   1.1779e+02
   1.0000e+00   2.5866e+00   5.3723e+01   5.9250e-01   1.0552e+02
   1.0000e+00   2.5866e+00   5.5418e+01   5.3285e-01   9.4895e+01
   1.0000e+00   2.5866e+00   5.7109e+01   4.8094e-01   8.5650e+01
   1.0000e+00   2.5866e+00   5.8796e+01   4.3555e-01   7.7567e+01
   1.0000e+00   2.5866e+00   6.0479e+01   3.9569e-01   7.0468e+01
   1.0000e+00   2.5866e+00   6.2157e+01   3.6054e-01   6.4208e+01
   1.0000e+00   2.5866e+00   6.3831e+01   3.2942e-01   5.8667e+01
   1.0000e+00   2.5866e+00   6.5500e+01   3.0179e-01   5.3745e+01
   1.0000e+00   2.5866e+00   6.7164e+01   2.7716e-01   4.9359e+01
   1.0000e+00   2.5866e+00   6.8822e+01   2.5514e-01   4.5439e+01
   1.0000e+00   2.5866e+00   7.0475e+01   2.3541e-01   4.1925e+01
   1.0000e+00   2.5866e+00   7.2122e+01   2.1768e-01   3.8767e+01
   1.0000e+00   2.5866e+00   7.3764e+01   2.0171e-01   3.5922e+01
   1.0000e+00   2.5866e+00   7.5399e+01   1.8729e-01   3.3355e+01
   1.0000e+00   2.5866e+00   7.7028e+01   1.7425e-01   3.1032e+01
   1.0000e+00   2.5866e+00   7.8650e+01   1.6243e-01   2.8927e+01
   1.0000e+00   2.5866e+00   8.0265e+01   1.5170e-01   2.7016e+01
   1.0000e+00   2.5866e+00   8.1873e+01   1.4194e-01   2.5279e+01
   1.0000e+00   2.5866e+00   8.3474e+01   1.3306e-01   2.3697e+01
   1.0000e+00   2.5866e+00   8.5067e+01   1.2496e-01   2.2254e+01
   1.0000e+00   2.5866e+00   8.6652e+01   1.1757e-01   2.0937e+01
   1.0000e+00   2.5866e+00   8.8229e+01   1.1081e-01   1.9734e+01
   1.0000e+00   2.5866e+00   8.9797e+01   1.0463e-01   1.8633e+01
   1.0000e+00   2.5866e+00   9.1356e+01   9.8964e-02   1.7624e+01
   1.0000e+00   2.5866e+00   9.2906e+01   9.3775e-02   1.6700e+01
   1.0000e+00   2.5866e+00   9.4446e+01   8.9017e-02   1.5853e+01
   1.0000e+00   2.5866e+00   9.5977e+01   8.4649e-02   1.5075e+01
   1.0000e+00   2.5866e+00   9.7497e+01   8.0639e-02   1.4361e+01
   1.0000e+00   2.5866e+00   9.9007e+01   7.6954e-02   1.3705e+01
   1.0000e+00   2.5866e+00   1.0051e+02   7.3567e-02   1.3102e+01
   1.0000e+00   2.5866e+00   1.0199e+02   7.0453e-02   1.2547e+01
   1.0000e+00   2.5866e+00   1.0347e+02   6.7588e-02   1.2037e+01
   1.0000e+00   2.5866e+00   1.0493e+02   6.4952e-02   1.1567e+01
   1.0000e+00   2.5866e+00   1.0638e+02   6.2526e-02   1.1135e+01
   1.0000e+00   2.5866e+00   1.0782e+02   6.0293e-02   1.0738e+01
   1.0000e+00   2.5866e+00   1.0925e+02   5.8237e-02   1.0371e+01
   1.0000e+00   2.5866e+00   1.1066e+02   5.6344e-02   1.0034e+01
   1.0000e+00   2.5866e+00   1.1206e+02   5.4601e-02   9.7240e+00
   1.0000e+00   2.5866e+00   1.1344e+02   5.2997e-02   9.4382e+00
   1.0000e+00   2.5866e+00   1.1481e+02   5.1519e-02   9.1750e+00
   1.0000e+00   2.5866e+00   1.1616e+02   5.0158e-02   8.9327e+00
   1.0000e+00   2.5866e+00   1.1750e+02   4.8906e-02   8.7096e+00
   1.0000e+00   2.5866e+00   1.1883e+02   4.7752e-02   8.5042e+00
   1.0000e+00   2.5866e+00   1.2013e+02   4.6691e-02   8.3152e+00
   1.0000e+00   2.5866e+00   1.2142e+02   4.5714e-02   8.1412e+00
   1.0000e+00   2.5866e+00   1.2270e+02   4.4814e-02   7.9810e+00
   1.0000e+00   2.5866e+00   1.2395e+02   4.3987e-02   7.8336e+00
   1.0000e+00   2.5866e+00   1.2519e+02   4.3225e-02   7.6980e+00
   1.0000e+00   2.5866e+00   1.2641e+02   4.2525e-02   7.5733e+00
   1.0000e+00   2.5866e+00   1.2761e+02   4.1880e-02   7.4585e+00
   1.0000e+00   2.5866e+00   1.2880e+02   4.1288e-02   7.3530e+00
   1.0000e+00   2.5866e+00   1.2996e+02   4.0743e-02   7.2559e+00
   1.0000e+00   2.5866e+00   1.3111e+02   4.0242e-02   7.1666e+00
   1.0000e+00   2.5866e+00   1.3224e+02   3.9781e-02   7.0846e+00
   1.0000e+00   2.5866e+00   1.3334e+02   3.9357e-02   7.0091e+00
   1.0000e+00   2.5866e+00   1.3443e+02   3.8968e-02   6.9398e+00
   1.0000e+00   2.5866e+00   1.3550e+02   3.8610e-02   6.8760e+00
   1.0000e+00   2.5866e+00   1.3655e+02   3.8280e-02   6.8174e+00
   1.0000e+00   2.5866e+00   1.3758e+02   3.7978e-02   6.7635e+00
   1.0000e+00   2.5866e+00   1.3859e+02   3.7700e-02   6.7139e+00
   1.0000e+00   2.5866e+00   1.3958e+02   3.7444e-02   6.6684e+00
   1.0000e+00   2.5866e+00   1.4055e+02   3.7209e-02   6.6265e+00
   1.0000e+00   2.5866e+00   1.4150e+02   3.6992e-02   6.5880e+00
   1.0000e+00   2.5866e+00   1.4243e+02   3.6793e-02   6.5525e+00
   1.0000e+00   2.5866e+00   1.4334e+02   3.6610e-02   6.5199e+00
   1.0000e+00   2.5866e+00   1.4424e+02   3.6442e-02   6.4899e+00
   1.0000e+00   2.5866e+00   1.4511e+02   3.6287e-02   6.4623e+00
   1.0000e+00   2.5866e+00   1.4596e+02   3.6144e-02   6.4369e+00
   1.0000e+00   2.5866e+00   1.4680e+02   3.6012e-02   6.4134e+00
   1.0000e+00   2.5866e+00   1.4761e+02   3.5891e-02   6.3918e+00
   1.0000e+00   2.5866e+00   1.4841e+02   3.5779e-02   6.3719e+00
   1.0000e+00   2.5866e+00   1.4919e+02   3.5676e-02   6.3536e+00
   1.0000e+00   2.5866e+00   1.4995e+02   3.5581e-02   6.3366e+00
   1.0000e+00   2.5866e+00   1.5070e+02   3.5493e-02   6.3210e+00
   1.0000e+00   2.5866e+00   1.5142e+02   3.5412e-02   6.3065e+00
   1.0000e+00   2.5866e+00   1.5213e+02   3.5337e-02   6.2932e+00
   1.0000e+00   2.5866e+00   1.5283e+02   3.5268e-02   6.2808e+00
   1.0000e+00   2.5866e+00   1.5350e+02   3.5203e-02   6.2694e+00
   1.0000e+00   2.5866e+00   1.5416e+02   3.5144e-02   6.2588e+00
   1.0000e+00   2.5866e+00   1.5481e+02   3.5089e-02   6.2490e+00
   1.0000e+00   2.5866e+00   1.5544e+02   3.5038e-02   6.2399e+00
   1.0000e+00   2.5866e+00   1.5606e+02   3.4990e-02   6.2315e+00
   1.0000e+00   2.5866e+00   1.5666e+02   3.4946e-02   6.2236e+00
   1.0000e+00   2.5866e+00   1.5725e+02   3.4906e-02   6.2163e+00
   1.0000e+00   2.5866e+00   1.5782e+02   3.4868e-02   6.2096e+00
   1.0000e+00   2.5866e+00   1.5838e+02   3.4832e-02   6.2033e+00
   1.0000e+00   2.5866e+00   1.5893e+02   3.4799e-02   6.1974e+00
   1.0000e+00   2.5866e+00   1.5947e+02   3.4769e-02   6.1919e+00
   1.0000e+00   2.5866e+00   1.5999e+02   3.4740e-02   6.1868e+00
   1.0000e+00   2.5866e+00   1.6051e+02   3.4713e-02   6.1821e+00
   1.0000e+00   2.5866e+00   1.6101e+02   3.4688e-02   6.1776e+00
   1.0000e+00   2.5866e+00   1.6150e+02   3.4665e-02   6.1735e+00
   1.0000e+00   2.5866e+00   1.6198e+02   3.4643e-02   6.1696e+00
   1.0000e+00   2.5866e+00   1.6245e+02   3.4623e-02   6.1660e+00
   1.0000e+00   2.5866e+00   1.6291e+02   3.4603e-02   6.1625e+00
   1.0000e+00   2.5866e+00   1.6336e+02   3.4586e-02   6.1593e+00
   1.0000e+00   2.5866e+00   1.6380e+02   3.4569e-02   6.1564e+00
   1.0000e+00   2.5866e+00   1.6423e+02   3.4553e-02   6.1535e+00
   1.0000e+00   2.5866e+00   1.6465e+02   3.4538e-02   6.1509e+00
   1.0000e+00   2.5866e+00   1.6507e+02   3.4524e-02   6.1484e+00
   1.0000e+00   2.5866e+00   1.6547e+02   3.4511e-02   6.1461e+00
   1.0000e+00   2.5866e+00   1.6587e+02   3.4499e-02   6.1439e+00
   1.0000e+00   2.5866e+00   1.6627e+02   3.4487e-02   6.1418e+00
   1.0000e+00   2.5866e+00   1.6665e+02   3.4476e-02   6.1399e+00
   1.0000e+00   2.5866e+00   1.6703e+02   3.4466e-02   6.1380e+00
   1.0000e+00   2.5866e+00   1.6740e+02   3.4456e-02   6.1363e+00
   1.0000e+00   2.5866e+00   1.6776e+02   3.4447e-02   6.1347e+00
   1.0000e+00   2.5866e+00   1.6812e+02   3.4438e-02   6.1331e+00
   1.0000e+00   2.5866e+00   1.6848e+02   3.4430e-02   6.1317e+00
   1.0000e+00   2.5866e+00   1.6882e+02   3.4422e-02   6.1303e+00
   1.0000e+00   2.5866e+00   1.6916e+02   3.4415e-02   6.1290e+00
   1.0000e+00   2.5866e+00   1.6950e+02   3.4408e-02   6.1278e+00
   1.0000e+00   2.5866e+00   1.6983e+02   3.4402e-02   6.1266e+00
   1.0000e+00   2.5866e+00   1.7016e+02   3.4396e-02   6.1255e+00
   1.0000e+00   2.5866e+00   1.7048e+02   3.4390e-02   6.1245e+00
   1.0000e+00   2.5866e+00   1.7080e+02   3.4384e-02   6.1235e+00
   1.0000e+00   2.5866e+00   1.7111e+02   3.4379e-02   6.1226e+00
   1.0000e+00   2.5866e+00   1.7142e+02   3.4374e-02   6.1217e+00
   1.0000e+00   2.5866e+00   1.7172e+02   3.4369e-02   6.1209e+00
   1.0000e+00   2.5866e+00   1.7202e+02   3.4365e-02   6.1201e+00
   1.0000e+00   2.5866e+00   1.7232e+02   3.4361e-02   6.1193e+00
   1.0000e+00   2.5866e+00   1.7262e+02   3.4357e-02   6.1186e+00
   1.0000e+00   2.5866e+00   1.7291e+02   3.4353e-02   6.1180e+00
   1.0000e+00   2.5866e+00   1.7319e+02   3.4350e-02   6.1174e+00
   1.0000e+00   2.5866e+00   1.7348e+02   3.4346e-02   6.1168e+00
   1.0000e+00   2.5866e+00   1.7376e+02   3.4343e-02   6.1162e+00
   1.0000e+00   2.5866e+00   1.7404e+02   3.4340e-02   6.1157e+00
   1.0000e+00   2.5866e+00   1.7432e+02   3.4338e-02   6.1152e+00
   1.0000e+00   2.5866e+00   1.7459e+02   3.4335e-02   6.1147e+00
   1.0000e+00   2.5866e+00   1.7486e+02   3.4333e-02   6.1143e+00
   1.0000e+00   2.5866e+00   1.7513e+02   3.4330e-02   6.1139e+00
   1.0000e+00   2.5866e+00   1.7540e+02   3.4328e-02   6.1135e+00
   1.0000e+00   2.5866e+00   1.7567e+02   3.4326e-02   6.1132e+00
   1.0000e+00   2.5866e+00   1.7593e+02   3.4324e-02   6.1128e+00
   1.0000e+00   2.5866e+00   1.7619e+02   3.4323e-02   6.1125e+00
   1.0000e+00   2.5866e+00   1.7645e+02   3.4321e-02   6.1122e+00
   1.0000e+00   2.5866e+00   1.7671e+02   3.4320e-02   6.1120e+00
   1.0000e+00   2.5866e+00   1.7697e+02   3.4318e-02   6.1117e+00
   1.0000e+00   2.5866e+00   1.7723e+02   3.4317e-02   6.1115e+00
   1.0000e+00   2.5866e+00   1.7748e+02   3.4316e-02   6.1113e+00
   1.0000e+00   2.5866e+00   1.7774e+02   3.4315e-02   6.1111e+00
   1.0000e+00   2.5866e+00   1.7799e+02   3.4314e-02   6.1110e+00
   1.0000e+00   2.5866e+00   1.7824e+02   3.4313e-02   6.1108e+00
   1.0000e+00   2.5866e+00   1.7850e+02   3.4312e-02   6.1107e+00
   1.0000e+00   2.5866e+00   1.7875e+02   3.4312e-02   6.1106e+00


   1.5000e+00   3.0866e+00   8.7479e+00   2.6578e+02   2.7432e+04
   1.5000e+00   3.0866e+00   1.0496e+01   1.2755e+02   1.3164e+04
   1.5000e+00   3.0866e+00   1.2244e+01   6.8677e+01   7.0884e+03
   1.5000e+00   3.0866e+00   1.3991e+01   4.0288e+01   4.1583e+03
   1.5000e+00   3.0866e+00   1.5738e+01   2.5265e+01   2.6077e+03
   1.5000e+00   3.0866e+00   1.7483e+01   1.6719e+01   1.7256e+03
   1.5000e+00   3.0866e+00   1.9228e+01   1.1565e+01   1.1936e+03
   1.5000e+00   3.0866e+00   2.0971e+01   8.3037e+00   8.5705e+02
   1.5000e+00   3.0866e+00   2.2713e+01   6.1548e+00   6.3525e+02
   1.5000e+00   3.0866e+00   2.4454e+01   4.6886e+00   4.8392e+02
   1.5000e+00   3.0866e+00   2.6193e+01   3.6574e+00   3.7749e+02
   1.5000e+00   3.0866e+00   2.7931e+01   2.9127e+00   3.0062e+02
   1.5000e+00   3.0866e+00   2.9667e+01   2.3619e+00   2.4377e+02
   1.5000e+00   3.0866e+00   3.1401e+01   1.9458e+00   2.0083e+02
   1.5000e+00   3.0866e+00   3.3133e+01   1.6255e+00   1.6777e+02
   1.5000e+00   3.0866e+00   3.4863e+01   1.3746e+00   1.4188e+02
   1.5000e+00   3.0866e+00   3.6591e+01   1.1751e+00   1.2128e+02
   1.5000e+00   3.0866e+00   3.8317e+01   1.0140e+00   1.0466e+02
   1.5000e+00   3.0866e+00   4.0041e+01   8.8245e-01   9.1079e+01
   1.5000e+00   3.0866e+00   4.1761e+01   7.7363e-01   7.9848e+01
   1.5000e+00   3.0866e+00   4.3479e+01   6.8269e-01   7.0462e+01
   1.5000e+00   3.0866e+00   4.5195e+01   6.0594e-01   6.2540e+01
   1.5000e+00   3.0866e+00   4.6907e+01   5.4059e-01   5.5795e+01
   1.5000e+00   3.0866e+00   4.8616e+01   4.8449e-01   5.0005e+01
   1.5000e+00   3.0866e+00   5.0322e+01   4.3599e-01   4.4999e+01
   1.5000e+00   3.0866e+00   5.2024e+01   3.9376e-01   4.0641e+01
   1.5000e+00   3.0866e+00   5.3723e+01   3.5678e-01   3.6824e+01
   1.5000e+00   3.0866e+00   5.5418e+01   3.2421e-01   3.3463e+01
   1.5000e+00   3.0866e+00   5.7109e+01   2.9539e-01   3.0488e+01
   1.5000e+00   3.0866e+00   5.8796e+01   2.6976e-01   2.7843e+01
   1.5000e+00   3.0866e+00   6.0479e+01   2.4688e-01   2.5481e+01
   1.5000e+00   3.0866e+00   6.2157e+01   2.2637e-01   2.3365e+01
   1.5000e+00   3.0866e+00   6.3831e+01   2.0794e-01   2.1462e+01
   1.5000e+00   3.0866e+00   6.5500e+01   1.9132e-01   1.9746e+01
   1.5000e+00   3.0866e+00   6.7164e+01   1.7629e-01   1.8195e+01
   1.5000e+00   3.0866e+00   6.8822e+01   1.6266e-01   1.6789e+01
   1.5000e+00   3.0866e+00   7.0475e+01   1.5029e-01   1.5512e+01
   1.5000e+00   3.0866e+00   7.2122e+01   1.3903e-01   1.4350e+01
   1.5000e+00   3.0866e+00   7.3764e+01   1.2877e-01   1.3291e+01
   1.5000e+00   3.0866e+00   7.5399e+01   1.1941e-01   1.2325e+01
   1.5000e+00   3.0866e+00   7.7028e+01   1.1086e-01   1.1442e+01
   1.5000e+00   3.0866e+00   7.8650e+01   1.0304e-01   1.0635e+01
   1.5000e+00   3.0866e+00   8.0265e+01   9.5879e-02   9.8959e+00
   1.5000e+00   3.0866e+00   8.1873e+01   8.9325e-02   9.2195e+00
   1.5000e+00   3.0866e+00   8.3474e+01   8.3322e-02   8.5999e+00
   1.5000e+00   3.0866e+00   8.5067e+01   7.7822e-02   8.0322e+00
   1.5000e+00   3.0866e+00   8.6652e+01   7.2783e-02   7.5121e+00
   1.5000e+00   3.0866e+00   8.8229e+01   6.8167e-02   7.0356e+00
   1.5000e+00   3.0866e+00   8.9797e+01   6.3939e-02   6.5993e+00
   1.5000e+00   3.0866e+00   9.1356e+01   6.0068e-02   6.1998e+00
   1.5000e+00   3.0866e+00   9.2906e+01   5.6527e-02   5.8343e+00
   1.5000e+00   3.0866e+00   9.4446e+01   5.3289e-02   5.5001e+00
   1.5000e+00   3.0866e+00   9.5977e+01   5.0331e-02   5.1948e+00
   1.5000e+00   3.0866e+00   9.7497e+01   4.7632e-02   4.9163e+00
   1.5000e+00   3.0866e+00   9.9007e+01   4.5172e-02   4.6623e+00
   1.5000e+00   3.0866e+00   1.0051e+02   4.2933e-02   4.4312e+00
   1.5000e+00   3.0866e+00   1.0199e+02   4.0897e-02   4.2211e+00
   1.5000e+00   3.0866e+00   1.0347e+02   3.9050e-02   4.0304e+00
   1.5000e+00   3.0866e+00   1.0493e+02   3.7377e-02   3.8578e+00
   1.5000e+00   3.0866e+00   1.0638e+02   3.5864e-02   3.7017e+00
   1.5000e+00   3.0866e+00   1.0782e+02   3.4500e-02   3.5608e+00
   1.5000e+00   3.0866e+00   1.0925e+02   3.3273e-02   3.4342e+00
   1.5000e+00   3.0866e+00   1.1066e+02   3.2171e-02   3.3205e+00
   1.5000e+00   3.0866e+00   1.1206e+02   3.1186e-02   3.2188e+00
   1.5000e+00   3.0866e+00   1.1344e+02   3.0307e-02   3.1281e+00
   1.5000e+00   3.0866e+00   1.1481e+02   2.9526e-02   3.0475e+00
   1.5000e+00   3.0866e+00   1.1616e+02   2.8835e-02   2.9762e+00
   1.5000e+00   3.0866e+00   1.1750e+02   2.8227e-02   2.9133e+00
   1.5000e+00   3.0866e+00   1.1883e+02   2.7693e-02   2.8583e+00
   1.5000e+00   3.0866e+00   1.2013e+02   2.7228e-02   2.8103e+00
   1.5000e+00   3.0866e+00   1.2142e+02   2.6826e-02   2.7688e+00
   1.5000e+00   3.0866e+00   1.2270e+02   2.6481e-02   2.7332e+00
   1.5000e+00   3.0866e+00   1.2395e+02   2.6188e-02   2.7029e+00
   1.5000e+00   3.0866e+00   1.2519e+02   2.5941e-02   2.6774e+00
   1.5000e+00   3.0866e+00   1.2641e+02   2.5736e-02   2.6563e+00
   1.5000e+00   3.0866e+00   1.2761e+02   2.5569e-02   2.6391e+00
   1.5000e+00   3.0866e+00   1.2880e+02   2.5437e-02   2.6254e+00
   1.5000e+00   3.0866e+00   1.2996e+02   2.5335e-02   2.6149e+00
   1.5000e+00   3.0866e+00   1.3111e+02   2.5260e-02   2.6071e+00
   1.5000e+00   3.0866e+00   1.3224e+02   2.5209e-02   2.6019e+00
   1.5000e+00   3.0866e+00   1.3334e+02   2.5180e-02   2.5989e+00
   1.5000e+00   3.0866e+00   1.3443e+02   2.5170e-02   2.5978e+00
   1.5000e+00   3.0866e+00   1.3550e+02   2.5176e-02   2.5984e+00
   1.5000e+00   3.0866e+00   1.3655e+02   2.5196e-02   2.6005e+00
   1.5000e+00   3.0866e+00   1.3758e+02   2.5229e-02   2.6039e+00
   1.5000e+00   3.0866e+00   1.3859e+02   2.5273e-02   2.6084e+00
   1.5000e+00   3.0866e+00   1.3958e+02   2.5325e-02   2.6139e+00
   1.5000e+00   3.0866e+00   1.4055e+02   2.5386e-02   2.6201e+00
   1.5000e+00   3.0866e+00   1.4150e+02   2.5452e-02   2.6270e+00
   1.5000e+00   3.0866e+00   1.4243e+02   2.5524e-02   2.6344e+00
   1.5000e+00   3.0866e+00   1.4334e+02   2.5601e-02   2.6423e+00
   1.5000e+00   3.0866e+00   1.4424e+02   2.5680e-02   2.6505e+00
   1.5000e+00   3.0866e+00   1.4511e+02   2.5762e-02   2.6590e+00
   1.5000e+00   3.0866e+00   1.4596e+02   2.5846e-02   2.6676e+00
   1.5000e+00   3.0866e+00   1.4680e+02   2.5931e-02   2.6764e+00
   1.5000e+00   3.0866e+00   1.4761e+02   2.6016e-02   2.6852e+00
   1.5000e+00   3.0866e+00   1.4841e+02   2.6102e-02   2.6940e+00
   1.5000e+00   3.0866e+00   1.4919e+02   2.6187e-02   2.7028e+00
   1.5000e+00   3.0866e+00   1.4995e+02   2.6271e-02   2.7115e+00
   1.5000e+00   3.0866e+00   1.5070e+02   2.6355e-02   2.7201e+00
   1.5000e+00   3.0866e+00   1.5142e+02   2.6437e-02   2.7286e+00
   1.5000e+00   3.0866e+00   1.5213e+02   2.6518e-02   2.7370e+00
   1.5000e+00   3.0866e+00   1.5283e+02   2.6597e-02   2.7452e+00
   1.5000e+00   3.0866e+00   1.5350e+02   2.6675e-02   2.7531e+00
   1.5000e+00   3.0866e+00   1.5416e+02   2.6750e-02   2.7609e+00
   1.5000e+00   3.0866e+00   1.5481e+02   2.6824e-02   2.7685e+00
   1.5000e+00   3.0866e+00   1.5544e+02   2.6895e-02   2.7759e+00
   1.5000e+00   3.0866e+00   1.5606e+02   2.6965e-02   2.7831e+00
   1.5000e+00   3.0866e+00   1.5666e+02   2.7032e-02   2.7900e+00
   1.5000e+00   3.0866e+00   1.5725e+02   2.7097e-02   2.7968e+00
   1.5000e+00   3.0866e+00   1.5782e+02   2.7160e-02   2.8033e+00
   1.5000e+00   3.0866e+00   1.5838e+02   2.7221e-02   2.8096e+00
   1.5000e+00   3.0866e+00   1.5893e+02   2.7280e-02   2.8156e+00
   1.5000e+00   3.0866e+00   1.5947e+02   2.7337e-02   2.8215e+00
   1.5000e+00   3.0866e+00   1.5999e+02   2.7392e-02   2.8271e+00
   1.5000e+00   3.0866e+00   1.6051e+02   2.7444e-02   2.8326e+00
   1.5000e+00   3.0866e+00   1.6101e+02   2.7495e-02   2.8378e+00
   1.5000e+00   3.0866e+00   1.6150e+02   2.7544e-02   2.8429e+00
   1.5000e+00   3.0866e+00   1.6198e+02   2.7591e-02   2.8478e+00
   1.5000e+00   3.0866e+00   1.6245e+02   2.7637e-02   2.8524e+00
   1.5000e+00   3.0866e+00   1.6291e+02   2.7680e-02   2.8569e+00
   1.5000e+00   3.0866e+00   1.6336e+02   2.7722e-02   2.8613e+00
   1.5000e+00   3.0866e+00   1.6380e+02   2.7762e-02   2.8654e+00
   1.5000e+00   3.0866e+00   1.6423e+02   2.7801e-02   2.8694e+00
   1.5000e+00   3.0866e+00   1.6465e+02   2.7838e-02   2.8732e+00
   1.5000e+00   3.0866e+00   1.6507e+02   2.7874e-02   2.8769e+00
   1.5000e+00   3.0866e+00   1.6547e+02   2.7908e-02   2.8804e+00
   1.5000e+00   3.0866e+00   1.6587e+02   2.7941e-02   2.8838e+00
   1.5000e+00   3.0866e+00   1.6627e+02   2.7972e-02   2.8871e+00
   1.5000e+00   3.0866e+00   1.6665e+02   2.8002e-02   2.8902e+00
   1.5000e+00   3.0866e+00   1.6703e+02   2.8031e-02   2.8932e+00
   1.5000e+00   3.0866e+00   1.6740e+02   2.8059e-02   2.8960e+00
   1.5000e+00   3.0866e+00   1.6776e+02   2.8086e-02   2.8988e+00
   1.5000e+00   3.0866e+00   1.6812e+02   2.8111e-02   2.9014e+00
   1.5000e+00   3.0866e+00   1.6848e+02   2.8136e-02   2.9040e+00
   1.5000e+00   3.0866e+00   1.6882e+02   2.8159e-02   2.9064e+00
   1.5000e+00   3.0866e+00   1.6916e+02   2.8182e-02   2.9087e+00
   1.5000e+00   3.0866e+00   1.6950e+02   2.8203e-02   2.9109e+00
   1.5000e+00   3.0866e+00   1.6983e+02   2.8224e-02   2.9130e+00
   1.5000e+00   3.0866e+00   1.7016e+02   2.8243e-02   2.9151e+00
   1.5000e+00   3.0866e+00   1.7048e+02   2.8262e-02   2.9170e+00
   1.5000e+00   3.0866e+00   1.7080e+02   2.8280e-02   2.9189e+00
   1.5000e+00   3.0866e+00   1.7111e+02   2.8297e-02   2.9206e+00
   1.5000e+00   3.0866e+00   1.7142e+02   2.8314e-02   2.9223e+00
   1.5000e+00   3.0866e+00   1.7172e+02   2.8330e-02   2.9240e+00
   1.5000e+00   3.0866e+00   1.7202e+02   2.8345e-02   2.9255e+00
   1.5000e+00   3.0866e+00   1.7232e+02   2.8359e-02   2.9270e+00
   1.5000e+00   3.0866e+00   1.7262e+02   2.8373e-02   2.9284e+00
   1.5000e+00   3.0866e+00   1.7291e+02   2.8385e-02   2.9297e+00
   1.5000e+00   3.0866e+00   1.7319e+02   2.8398e-02   2.9310e+00
   1.5000e+00   3.0866e+00   1.7348e+02   2.8410e-02   2.9322e+00
   1.5000e+00   3.0866e+00   1.7376e+02   2.8421e-02   2.9334e+00
   1.5000e+00   3.0866e+00   1.7404e+02   2.8431e-02   2.9345e+00
   1.5000e+00   3.0866e+00   1.7432e+02   2.8441e-02   2.9355e+00
   1.5000e+00   3.0866e+00   1.7459e+02   2.8451e-02   2.9365e+00
   1.5000e+00   3.0866e+00   1.7486e+02   2.8460e-02   2.9374e+00
   1.5000e+00   3.0866e+00   1.7513e+02   2.8468e-02   2.9383e+00
   1.5000e+00   3.0866e+00   1.7540e+02   2.8476e-02   2.9391e+00
   1.5000e+00   3.0866e+00   1.7567e+02   2.8483e-02   2.9398e+00
   1.5000e+00   3.0866e+00   1.7593e+02   2.8490e-02   2.9406e+00
   1.5000e+00   3.0866e+00   1.7619e+02   2.8497e-02   2.9412e+00
   1.5000e+00   3.0866e+00   1.7645e+02   2.8503e-02   2.9418e+00
   1.5000e+00   3.0866e+00   1.7671e+02   2.8508e-02   2.9424e+00
   1.5000e+00   3.0866e+00   1.7697e+02   2.8514e-02   2.9429e+00
   1.5000e+00   3.0866e+00   1.7723e+02   2.8518e-02   2.9434e+00
   1.5000e+00   3.0866e+00   1.7748e+02   2.8522e-02   2.9439e+00
   1.5000e+00   3.0866e+00   1.7774e+02   2.8526e-02   2.9443e+00
   1.5000e+00   3.0866e+00   1.7799e+02   2.8530e-02   2.9446e+00
   1.5000e+00   3.0866e+00   1.7824e+02   2.8533e-02   2.9449e+00
   1.5000e+00   3.0866e+00   1.7850e+02   2.8535e-02   2.9452e+00
   1.5000e+00   3.0866e+00   1.7875e+02   2.8537e-02   2.9454e+00


   2.0000e+00   3.5866e+00   8.7479e+00   1.4699e+02   1.1475e+04
   2.0000e+00   3.5866e+00   1.0496e+01   7.0337e+01   5.4910e+03
   2.0000e+00   3.5866e+00   1.2244e+01   3.7832e+01   2.9534e+03
   2.0000e+00   3.5866e+00   1.3991e+01   2.2218e+01   1.7345e+03
   2.0000e+00   3.5866e+00   1.5738e+01   1.3984e+01   1.0917e+03
   2.0000e+00   3.5866e+00   1.7483e+01   9.3120e+00   7.2697e+02
   2.0000e+00   3.5866e+00   1.9228e+01   6.5000e+00   5.0744e+02
   2.0000e+00   3.5866e+00   2.0971e+01   4.7220e+00   3.6863e+02
   2.0000e+00   3.5866e+00   2.2713e+01   3.5496e+00   2.7711e+02
   2.0000e+00   3.5866e+00   2.4454e+01   2.7480e+00   2.1453e+02
   2.0000e+00   3.5866e+00   2.6193e+01   2.1822e+00   1.7036e+02
   2.0000e+00   3.5866e+00   2.7931e+01   1.7714e+00   1.3829e+02
   2.0000e+00   3.5866e+00   2.9667e+01   1.4653e+00   1.1440e+02
   2.0000e+00   3.5866e+00   3.1401e+01   1.2321e+00   9.6190e+01
   2.0000e+00   3.5866e+00   3.3133e+01   1.0507e+00   8.2025e+01
   2.0000e+00   3.5866e+00   3.4863e+01   9.0683e-01   7.0794e+01
   2.0000e+00   3.5866e+00   3.6591e+01   7.9082e-01   6.1738e+01
   2.0000e+00   3.5866e+00   3.8317e+01   6.9580e-01   5.4319e+01
   2.0000e+00   3.5866e+00   4.0041e+01   6.1687e-01   4.8158e+01
   2.0000e+00   3.5866e+00   4.1761e+01   5.5046e-01   4.2974e+01
   2.0000e+00   3.5866e+00   4.3479e+01   4.9396e-01   3.8562e+01
   2.0000e+00   3.5866e+00   4.5195e+01   4.4536e-01   3.4769e+01
   2.0000e+00   3.5866e+00   4.6907e+01   4.0319e-01   3.1476e+01
   2.0000e+00   3.5866e+00   4.8616e+01   3.6628e-01   2.8595e+01
   2.0000e+00   3.5866e+00   5.0322e+01   3.3374e-01   2.6054e+01
   2.0000e+00   3.5866e+00   5.2024e+01   3.0485e-01   2.3799e+01
   2.0000e+00   3.5866e+00   5.3723e+01   2.7906e-01   2.1786e+01
   2.0000e+00   3.5866e+00   5.5418e+01   2.5591e-01   1.9979e+01
   2.0000e+00   3.5866e+00   5.7109e+01   2.3504e-01   1.8349e+01
   2.0000e+00   3.5866e+00   5.8796e+01   2.1614e-01   1.6874e+01
   2.0000e+00   3.5866e+00   6.0479e+01   1.9898e-01   1.5534e+01
   2.0000e+00   3.5866e+00   6.2157e+01   1.8333e-01   1.4312e+01
   2.0000e+00   3.5866e+00   6.3831e+01   1.6904e-01   1.3197e+01
   2.0000e+00   3.5866e+00   6.5500e+01   1.5596e-01   1.2176e+01
   2.0000e+00   3.5866e+00   6.7164e+01   1.4396e-01   1.1239e+01
   2.0000e+00   3.5866e+00   6.8822e+01   1.3295e-01   1.0379e+01
   2.0000e+00   3.5866e+00   7.0475e+01   1.2282e-01   9.5882e+00
   2.0000e+00   3.5866e+00   7.2122e+01   1.1350e-01   8.8608e+00
   2.0000e+00   3.5866e+00   7.3764e+01   1.0493e-01   8.1913e+00
   2.0000e+00   3.5866e+00   7.5399e+01   9.7032e-02   7.5751e+00
   2.0000e+00   3.5866e+00   7.7028e+01   8.9767e-02   7.0079e+00
   2.0000e+00   3.5866e+00   7.8650e+01   8.3084e-02   6.4862e+00
   2.0000e+00   3.5866e+00   8.0265e+01   7.6939e-02   6.0065e+00
   2.0000e+00   3.5866e+00   8.1873e+01   7.1294e-02   5.5658e+00
   2.0000e+00   3.5866e+00   8.3474e+01   6.6115e-02   5.1615e+00
   2.0000e+00   3.5866e+00   8.5067e+01   6.1370e-02   4.7910e+00
   2.0000e+00   3.5866e+00   8.6652e+01   5.7029e-02   4.4521e+00
   2.0000e+00   3.5866e+00   8.8229e+01   5.3065e-02   4.1427e+00
   2.0000e+00   3.5866e+00   8.9797e+01   4.9453e-02   3.8607e+00
   2.0000e+00   3.5866e+00   9.1356e+01   4.6168e-02   3.6043e+00
   2.0000e+00   3.5866e+00   9.2906e+01   4.3190e-02   3.3717e+00
   2.0000e+00   3.5866e+00   9.4446e+01   4.0496e-02   3.1615e+00
   2.0000e+00   3.5866e+00   9.5977e+01   3.8068e-02   2.9719e+00
   2.0000e+00   3.5866e+00   9.7497e+01   3.5885e-02   2.8015e+00
   2.0000e+00   3.5866e+00   9.9007e+01   3.3931e-02   2.6489e+00
   2.0000e+00   3.5866e+00   1.0051e+02   3.2189e-02   2.5129e+00
   2.0000e+00   3.5866e+00   1.0199e+02   3.0642e-02   2.3921e+00
   2.0000e+00   3.5866e+00   1.0347e+02   2.9274e-02   2.2854e+00
   2.0000e+00   3.5866e+00   1.0493e+02   2.8073e-02   2.1916e+00
   2.0000e+00   3.5866e+00   1.0638e+02   2.7023e-02   2.1096e+00
   2.0000e+00   3.5866e+00   1.0782e+02   2.6112e-02   2.0385e+00
   2.0000e+00   3.5866e+00   1.0925e+02   2.5328e-02   1.9773e+00
   2.0000e+00   3.5866e+00   1.1066e+02   2.4658e-02   1.9250e+00
   2.0000e+00   3.5866e+00   1.1206e+02   2.4093e-02   1.8809e+00
   2.0000e+00   3.5866e+00   1.1344e+02   2.3621e-02   1.8441e+00
   2.0000e+00   3.5866e+00   1.1481e+02   2.3234e-02   1.8138e+00
   2.0000e+00   3.5866e+00   1.1616e+02   2.2922e-02   1.7895e+00
   2.0000e+00   3.5866e+00   1.1750e+02   2.2678e-02   1.7704e+00
   2.0000e+00   3.5866e+00   1.1883e+02   2.2493e-02   1.7560e+00
   2.0000e+00   3.5866e+00   1.2013e+02   2.2361e-02   1.7456e+00
   2.0000e+00   3.5866e+00   1.2142e+02   2.2275e-02   1.7389e+00
   2.0000e+00   3.5866e+00   1.2270e+02   2.2229e-02   1.7354e+00
   2.0000e+00   3.5866e+00   1.2395e+02   2.2219e-02   1.7346e+00
   2.0000e+00   3.5866e+00   1.2519e+02   2.2239e-02   1.7361e+00
   2.0000e+00   3.5866e+00   1.2641e+02   2.2285e-02   1.7397e+00
   2.0000e+00   3.5866e+00   1.2761e+02   2.2352e-02   1.7450e+00
   2.0000e+00   3.5866e+00   1.2880e+02   2.2439e-02   1.7517e+00
   2.0000e+00   3.5866e+00   1.2996e+02   2.2540e-02   1.7597e+00
   2.0000e+00   3.5866e+00   1.3111e+02   2.2654e-02   1.7686e+00
   2.0000e+00   3.5866e+00   1.3224e+02   2.2778e-02   1.7783e+00
   2.0000e+00   3.5866e+00   1.3334e+02   2.2910e-02   1.7886e+00
   2.0000e+00   3.5866e+00   1.3443e+02   2.3049e-02   1.7994e+00
   2.0000e+00   3.5866e+00   1.3550e+02   2.3191e-02   1.8105e+00
   2.0000e+00   3.5866e+00   1.3655e+02   2.3337e-02   1.8219e+00
   2.0000e+00   3.5866e+00   1.3758e+02   2.3484e-02   1.8333e+00
   2.0000e+00   3.5866e+00   1.3859e+02   2.3632e-02   1.8449e+00
   2.0000e+00   3.5866e+00   1.3958e+02   2.3780e-02   1.8564e+00
   2.0000e+00   3.5866e+00   1.4055e+02   2.3926e-02   1.8679e+00
   2.0000e+00   3.5866e+00   1.4150e+02   2.4071e-02   1.8792e+00
   2.0000e+00   3.5866e+00   1.4243e+02   2.4214e-02   1.8903e+00
   2.0000e+00   3.5866e+00   1.4334e+02   2.4354e-02   1.9013e+00
   2.0000e+00   3.5866e+00   1.4424e+02   2.4492e-02   1.9120e+00
   2.0000e+00   3.5866e+00   1.4511e+02   2.4626e-02   1.9225e+00
   2.0000e+00   3.5866e+00   1.4596e+02   2.4756e-02   1.9327e+00
   2.0000e+00   3.5866e+00   1.4680e+02   2.4883e-02   1.9426e+00
   2.0000e+00   3.5866e+00   1.4761e+02   2.5006e-02   1.9522e+00
   2.0000e+00   3.5866e+00   1.4841e+02   2.5126e-02   1.9615e+00
   2.0000e+00   3.5866e+00   1.4919e+02   2.5241e-02   1.9705e+00
   2.0000e+00   3.5866e+00   1.4995e+02   2.5353e-02   1.9792e+00
   2.0000e+00   3.5866e+00   1.5070e+02   2.5460e-02   1.9876e+00
   2.0000e+00   3.5866e+00   1.5142e+02   2.5564e-02   1.9957e+00
   2.0000e+00   3.5866e+00   1.5213e+02   2.5664e-02   2.0035e+00
   2.0000e+00   3.5866e+00   1.5283e+02   2.5760e-02   2.0111e+00
   2.0000e+00   3.5866e+00   1.5350e+02   2.5853e-02   2.0183e+00
   2.0000e+00   3.5866e+00   1.5416e+02   2.5942e-02   2.0252e+00
   2.0000e+00   3.5866e+00   1.5481e+02   2.6028e-02   2.0319e+00
   2.0000e+00   3.5866e+00   1.5544e+02   2.6110e-02   2.0383e+00
   2.0000e+00   3.5866e+00   1.5606e+02   2.6189e-02   2.0445e+00
   2.0000e+00   3.5866e+00   1.5666e+02   2.6264e-02   2.0504e+00
   2.0000e+00   3.5866e+00   1.5725e+02   2.6337e-02   2.0561e+00
   2.0000e+00   3.5866e+00   1.5782e+02   2.6406e-02   2.0615e+00
   2.0000e+00   3.5866e+00   1.5838e+02   2.6473e-02   2.0667e+00
   2.0000e+00   3.5866e+00   1.5893e+02   2.6537e-02   2.0717e+00
   2.0000e+00   3.5866e+00   1.5947e+02   2.6598e-02   2.0765e+00
   2.0000e+00   3.5866e+00   1.5999e+02   2.6657e-02   2.0810e+00
   2.0000e+00   3.5866e+00   1.6051e+02   2.6713e-02   2.0854e+00
   2.0000e+00   3.5866e+00   1.6101e+02   2.6767e-02   2.0896e+00
   2.0000e+00   3.5866e+00   1.6150e+02   2.6818e-02   2.0937e+00
   2.0000e+00   3.5866e+00   1.6198e+02   2.6868e-02   2.0975e+00
   2.0000e+00   3.5866e+00   1.6245e+02   2.6915e-02   2.1012e+00
   2.0000e+00   3.5866e+00   1.6291e+02   2.6960e-02   2.1047e+00
   2.0000e+00   3.5866e+00   1.6336e+02   2.7003e-02   2.1081e+00
   2.0000e+00   3.5866e+00   1.6380e+02   2.7045e-02   2.1113e+00
   2.0000e+00   3.5866e+00   1.6423e+02   2.7085e-02   2.1144e+00
   2.0000e+00   3.5866e+00   1.6465e+02   2.7123e-02   2.1174e+00
   2.0000e+00   3.5866e+00   1.6507e+02   2.7159e-02   2.1202e+00
   2.0000e+00   3.5866e+00   1.6547e+02   2.7194e-02   2.1230e+00
   2.0000e+00   3.5866e+00   1.6587e+02   2.7227e-02   2.1256e+00
   2.0000e+00   3.5866e+00   1.6627e+02   2.7259e-02   2.1280e+00
   2.0000e+00   3.5866e+00   1.6665e+02   2.7289e-02   2.1304e+00
   2.0000e+00   3.5866e+00   1.6703e+02   2.7319e-02   2.1327e+00
   2.0000e+00   3.5866e+00   1.6740e+02   2.7346e-02   2.1349e+00
   2.0000e+00   3.5866e+00   1.6776e+02   2.7373e-02   2.1370e+00
   2.0000e+00   3.5866e+00   1.6812e+02   2.7399e-02   2.1390e+00
   2.0000e+00   3.5866e+00   1.6848e+02   2.7423e-02   2.1409e+00
   2.0000e+00   3.5866e+00   1.6882e+02   2.7447e-02   2.1427e+00
   2.0000e+00   3.5866e+00   1.6916e+02   2.7469e-02   2.1444e+00
   2.0000e+00   3.5866e+00   1.6950e+02   2.7490e-02   2.1461e+00
   2.0000e+00   3.5866e+00   1.6983e+02   2.7511e-02   2.1477e+00
   2.0000e+00   3.5866e+00   1.7016e+02   2.7530e-02   2.1492e+00
   2.0000e+00   3.5866e+00   1.7048e+02   2.7549e-02   2.1507e+00
   2.0000e+00   3.5866e+00   1.7080e+02   2.7567e-02   2.1521e+00
   2.0000e+00   3.5866e+00   1.7111e+02   2.7584e-02   2.1534e+00
   2.0000e+00   3.5866e+00   1.7142e+02   2.7600e-02   2.1547e+00
   2.0000e+00   3.5866e+00   1.7172e+02   2.7616e-02   2.1559e+00
   2.0000e+00   3.5866e+00   1.7202e+02   2.7630e-02   2.1571e+00
   2.0000e+00   3.5866e+00   1.7232e+02   2.7644e-02   2.1581e+00
   2.0000e+00   3.5866e+00   1.7262e+02   2.7658e-02   2.1592e+00
   2.0000e+00   3.5866e+00   1.7291e+02   2.7671e-02   2.1602e+00
   2.0000e+00   3.5866e+00   1.7319e+02   2.7683e-02   2.1611e+00
   2.0000e+00   3.5866e+00   1.7348e+02   2.7694e-02   2.1620e+00
   2.0000e+00   3.5866e+00   1.7376e+02   2.7705e-02   2.1629e+00
   2.0000e+00   3.5866e+00   1.7404e+02   2.7716e-02   2.1637e+00
   2.0000e+00   3.5866e+00   1.7432e+02   2.7725e-02   2.1645e+00
   2.0000e+00   3.5866e+00   1.7459e+02   2.7735e-02   2.1652e+00
   2.0000e+00   3.5866e+00   1.7486e+02   2.7743e-02   2.1659e+00
   2.0000e+00   3.5866e+00   1.7513e+02   2.7752e-02   2.1665e+00
   2.0000e+00   3.5866e+00   1.7540e+02   2.7759e-02   2.1671e+00
   2.0000e+00   3.5866e+00   1.7567e+02   2.7767e-02   2.1677e+00
   2.0000e+00   3.5866e+00   1.7593e+02   2.7773e-02   2.1682e+00
   2.0000e+00   3.5866e+00   1.7619e+02   2.7780e-02   2.1687e+00
   2.0000e+00   3.5866e+00   1.7645e+02   2.7786e-02   2.1692e+00
   2.0000e+00   3.5866e+00   1.7671e+02   2.7791e-02   2.1696e+00
   2.0000e+00   3.5866e+00   1.7697e+02   2.7796e-02   2.1700e+00
   2.0000e+00   3.5866e+00   1.7723e+02   2.7801e-02   2.1703e+00
   2.0000e+00   3.5866e+00   1.7748e+02   2.7805e-02   2.1707e+00
   2.0000e+00   3.5866e+00   1.7774e+02   2.7809e-02   2.1710e+00
   2.0000e+00   3.5866e+00   1.7799e+02   2.7812e-02   2.1712e+00
   2.0000e+00   3.5866e+00   1.7824e+02   2.7815e-02   2.1714e+00
   2.0000e+00   3.5866e+00   1.7850e+02   2.7817e-02   2.1716e+00
   2.0000e+00   3.5866e+00   1.7875e+02   2.7819e-02   2.1718e+00


   2.5000e+00   4.0866e+00   8.7479e+00   9.1773e+01   6.0825e+03
   2.5000e+00   4.0866e+00   1.0496e+01   4.3567e+01   2.8875e+03
   2.5000e+00   4.0866e+00   1.2244e+01   2.3273e+01   1.5425e+03
   2.5000e+00   4.0866e+00   1.3991e+01   1.3604e+01   9.0163e+02
   2.5000e+00   4.0866e+00   1.5738e+01   8.5481e+00   5.6655e+02
   2.5000e+00   4.0866e+00   1.7483e+01   5.7047e+00   3.7810e+02
   2.5000e+00   4.0866e+00   1.9228e+01   4.0074e+00   2.6560e+02
   2.5000e+00   4.0866e+00   2.0971e+01   2.9422e+00   1.9501e+02
   2.5000e+00   4.0866e+00   2.2713e+01   2.2442e+00   1.4874e+02
   2.5000e+00   4.0866e+00   2.4454e+01   1.7689e+00   1.1724e+02
   2.5000e+00   4.0866e+00   2.6193e+01   1.4340e+00   9.5041e+01
   2.5000e+00   4.0866e+00   2.7931e+01   1.1905e+00   7.8903e+01
   2.5000e+00   4.0866e+00   2.9667e+01   1.0083e+00   6.6831e+01
   2.5000e+00   4.0866e+00   3.1401e+01   8.6847e-01   5.7560e+01
   2.5000e+00   4.0866e+00   3.3133e+01   7.5843e-01   5.0267e+01
   2.5000e+00   4.0866e+00   3.4863e+01   6.6995e-01   4.4403e+01
   2.5000e+00   4.0866e+00   3.6591e+01   5.9738e-01   3.9593e+01
   2.5000e+00   4.0866e+00   3.8317e+01   5.3677e-01   3.5576e+01
   2.5000e+00   4.0866e+00   4.0041e+01   4.8533e-01   3.2167e+01
   2.5000e+00   4.0866e+00   4.1761e+01   4.4106e-01   2.9233e+01
   2.5000e+00   4.0866e+00   4.3479e+01   4.0247e-01   2.6675e+01
   2.5000e+00   4.0866e+00   4.5195e+01   3.6848e-01   2.4422e+01
   2.5000e+00   4.0866e+00   4.6907e+01   3.3823e-01   2.2417e+01
   2.5000e+00   4.0866e+00   4.8616e+01   3.1111e-01   2.0620e+01
   2.5000e+00   4.0866e+00   5.0322e+01   2.8661e-01   1.8996e+01
   2.5000e+00   4.0866e+00   5.2024e+01   2.6435e-01   1.7520e+01
   2.5000e+00   4.0866e+00   5.3723e+01   2.4401e-01   1.6173e+01
   2.5000e+00   4.0866e+00   5.5418e+01   2.2536e-01   1.4937e+01
   2.5000e+00   4.0866e+00   5.7109e+01   2.0820e-01   1.3799e+01
   2.5000e+00   4.0866e+00   5.8796e+01   1.9235e-01   1.2749e+01
   2.5000e+00   4.0866e+00   6.0479e+01   1.7769e-01   1.1777e+01
   2.5000e+00   4.0866e+00   6.2157e+01   1.6410e-01   1.0876e+01
   2.5000e+00   4.0866e+00   6.3831e+01   1.5149e-01   1.0041e+01
   2.5000e+00   4.0866e+00   6.5500e+01   1.3979e-01   9.2647e+00
   2.5000e+00   4.0866e+00   6.7164e+01   1.2892e-01   8.5444e+00
   2.5000e+00   4.0866e+00   6.8822e+01   1.1883e-01   7.8757e+00
   2.5000e+00   4.0866e+00   7.0475e+01   1.0947e-01   7.2556e+00
   2.5000e+00   4.0866e+00   7.2122e+01   1.0081e-01   6.6813e+00
   2.5000e+00   4.0866e+00   7.3764e+01   9.2794e-02   6.1502e+00
   2.5000e+00   4.0866e+00   7.5399e+01   8.5403e-02   5.6604e+00
   2.5000e+00   4.0866e+00   7.7028e+01   7.8604e-02   5.2097e+00
   2.5000e+00   4.0866e+00   7.8650e+01   7.2369e-02   4.7965e+00
   2.5000e+00   4.0866e+00   8.0265e+01   6.6672e-02   4.4189e+00
   2.5000e+00   4.0866e+00   8.1873e+01   6.1490e-02   4.0754e+00
   2.5000e+00   4.0866e+00   8.3474e+01   5.6797e-02   3.7644e+00
   2.5000e+00   4.0866e+00   8.5067e+01   5.2571e-02   3.4843e+00
   2.5000e+00   4.0866e+00   8.6652e+01   4.8788e-02   3.2336e+00
   2.5000e+00   4.0866e+00   8.8229e+01   4.5424e-02   3.0106e+00
   2.5000e+00   4.0866e+00   8.9797e+01   4.2453e-02   2.8137e+00
   2.5000e+00   4.0866e+00   9.1356e+01   3.9853e-02   2.6414e+00
   2.5000e+00   4.0866e+00   9.2906e+01   3.7598e-02   2.4919e+00
   2.5000e+00   4.0866e+00   9.4446e+01   3.5661e-02   2.3636e+00
   2.5000e+00   4.0866e+00   9.5977e+01   3.4019e-02   2.2547e+00
   2.5000e+00   4.0866e+00   9.7497e+01   3.2644e-02   2.1636e+00
   2.5000e+00   4.0866e+00   9.9007e+01   3.1512e-02   2.0885e+00
   2.5000e+00   4.0866e+00   1.0051e+02   3.0596e-02   2.0279e+00
   2.5000e+00   4.0866e+00   1.0199e+02   2.9873e-02   1.9799e+00
   2.5000e+00   4.0866e+00   1.0347e+02   2.9318e-02   1.9431e+00
   2.5000e+00   4.0866e+00   1.0493e+02   2.8907e-02   1.9159e+00
   2.5000e+00   4.0866e+00   1.0638e+02   2.8618e-02   1.8968e+00
   2.5000e+00   4.0866e+00   1.0782e+02   2.8431e-02   1.8844e+00
   2.5000e+00   4.0866e+00   1.0925e+02   2.8326e-02   1.8774e+00
   2.5000e+00   4.0866e+00   1.1066e+02   2.8284e-02   1.8746e+00
   2.5000e+00   4.0866e+00   1.1206e+02   2.8290e-02   1.8750e+00
   2.5000e+00   4.0866e+00   1.1344e+02   2.8328e-02   1.8775e+00
   2.5000e+00   4.0866e+00   1.1481e+02   2.8385e-02   1.8813e+00
   2.5000e+00   4.0866e+00   1.1616e+02   2.8451e-02   1.8857e+00
   2.5000e+00   4.0866e+00   1.1750e+02   2.8516e-02   1.8900e+00
   2.5000e+00   4.0866e+00   1.1883e+02   2.8571e-02   1.8936e+00
   2.5000e+00   4.0866e+00   1.2013e+02   2.8610e-02   1.8962e+00
   2.5000e+00   4.0866e+00   1.2142e+02   2.8629e-02   1.8975e+00
   2.5000e+00   4.0866e+00   1.2270e+02   2.8624e-02   1.8971e+00
   2.5000e+00   4.0866e+00   1.2395e+02   2.8593e-02   1.8951e+00
   2.5000e+00   4.0866e+00   1.2519e+02   2.8534e-02   1.8912e+00
   2.5000e+00   4.0866e+00   1.2641e+02   2.8448e-02   1.8854e+00
   2.5000e+00   4.0866e+00   1.2761e+02   2.8334e-02   1.8779e+00
   2.5000e+00   4.0866e+00   1.2880e+02   2.8195e-02   1.8687e+00
   2.5000e+00   4.0866e+00   1.2996e+02   2.8032e-02   1.8579e+00
   2.5000e+00   4.0866e+00   1.3111e+02   2.7847e-02   1.8457e+00
   2.5000e+00   4.0866e+00   1.3224e+02   2.7644e-02   1.8322e+00
   2.5000e+00   4.0866e+00   1.3334e+02   2.7424e-02   1.8176e+00
   2.5000e+00   4.0866e+00   1.3443e+02   2.7191e-02   1.8022e+00
   2.5000e+00   4.0866e+00   1.3550e+02   2.6947e-02   1.7860e+00
   2.5000e+00   4.0866e+00   1.3655e+02   2.6696e-02   1.7694e+00
   2.5000e+00   4.0866e+00   1.3758e+02   2.6440e-02   1.7524e+00
   2.5000e+00   4.0866e+00   1.3859e+02   2.6181e-02   1.7352e+00
   2.5000e+00   4.0866e+00   1.3958e+02   2.5922e-02   1.7180e+00
   2.5000e+00   4.0866e+00   1.4055e+02   2.5665e-02   1.7010e+00
   2.5000e+00   4.0866e+00   1.4150e+02   2.5412e-02   1.6843e+00
   2.5000e+00   4.0866e+00   1.4243e+02   2.5165e-02   1.6679e+00
   2.5000e+00   4.0866e+00   1.4334e+02   2.4924e-02   1.6519e+00
   2.5000e+00   4.0866e+00   1.4424e+02   2.4692e-02   1.6366e+00
   2.5000e+00   4.0866e+00   1.4511e+02   2.4469e-02   1.6218e+00
   2.5000e+00   4.0866e+00   1.4596e+02   2.4256e-02   1.6076e+00
   2.5000e+00   4.0866e+00   1.4680e+02   2.4053e-02   1.5942e+00
   2.5000e+00   4.0866e+00   1.4761e+02   2.3861e-02   1.5815e+00
   2.5000e+00   4.0866e+00   1.4841e+02   2.3681e-02   1.5695e+00
   2.5000e+00   4.0866e+00   1.4919e+02   2.3511e-02   1.5582e+00
   2.5000e+00   4.0866e+00   1.4995e+02   2.3352e-02   1.5477e+00
   2.5000e+00   4.0866e+00   1.5070e+02   2.3204e-02   1.5379e+00
   2.5000e+00   4.0866e+00   1.5142e+02   2.3067e-02   1.5288e+00
   2.5000e+00   4.0866e+00   1.5213e+02   2.2940e-02   1.5204e+00
   2.5000e+00   4.0866e+00   1.5283e+02   2.2823e-02   1.5127e+00
   2.5000e+00   4.0866e+00   1.5350e+02   2.2716e-02   1.5055e+00
   2.5000e+00   4.0866e+00   1.5416e+02   2.2617e-02   1.4990e+00
   2.5000e+00   4.0866e+00   1.5481e+02   2.2528e-02   1.4931e+00
   2.5000e+00   4.0866e+00   1.5544e+02   2.2446e-02   1.4877e+00
   2.5000e+00   4.0866e+00   1.5606e+02   2.2372e-02   1.4828e+00
   2.5000e+00   4.0866e+00   1.5666e+02   2.2306e-02   1.4784e+00
   2.5000e+00   4.0866e+00   1.5725e+02   2.2246e-02   1.4744e+00
   2.5000e+00   4.0866e+00   1.5782e+02   2.2193e-02   1.4709e+00
   2.5000e+00   4.0866e+00   1.5838e+02   2.2145e-02   1.4677e+00
   2.5000e+00   4.0866e+00   1.5893e+02   2.2102e-02   1.4649e+00
   2.5000e+00   4.0866e+00   1.5947e+02   2.2065e-02   1.4624e+00
   2.5000e+00   4.0866e+00   1.5999e+02   2.2032e-02   1.4603e+00
   2.5000e+00   4.0866e+00   1.6051e+02   2.2004e-02   1.4584e+00
   2.5000e+00   4.0866e+00   1.6101e+02   2.1979e-02   1.4567e+00
   2.5000e+00   4.0866e+00   1.6150e+02   2.1958e-02   1.4553e+00
   2.5000e+00   4.0866e+00   1.6198e+02   2.1940e-02   1.4541e+00
   2.5000e+00   4.0866e+00   1.6245e+02   2.1924e-02   1.4531e+00
   2.5000e+00   4.0866e+00   1.6291e+02   2.1912e-02   1.4523e+00
   2.5000e+00   4.0866e+00   1.6336e+02   2.1902e-02   1.4516e+00
   2.5000e+00   4.0866e+00   1.6380e+02   2.1894e-02   1.4511e+00
   2.5000e+00   4.0866e+00   1.6423e+02   2.1888e-02   1.4507e+00
   2.5000e+00   4.0866e+00   1.6465e+02   2.1884e-02   1.4504e+00
   2.5000e+00   4.0866e+00   1.6507e+02   2.1881e-02   1.4502e+00
   2.5000e+00   4.0866e+00   1.6547e+02   2.1879e-02   1.4501e+00
   2.5000e+00   4.0866e+00   1.6587e+02   2.1879e-02   1.4501e+00
   2.5000e+00   4.0866e+00   1.6627e+02   2.1880e-02   1.4502e+00
   2.5000e+00   4.0866e+00   1.6665e+02   2.1882e-02   1.4503e+00
   2.5000e+00   4.0866e+00   1.6703e+02   2.1885e-02   1.4505e+00
   2.5000e+00   4.0866e+00   1.6740e+02   2.1889e-02   1.4507e+00
   2.5000e+00   4.0866e+00   1.6776e+02   2.1893e-02   1.4510e+00
   2.5000e+00   4.0866e+00   1.6812e+02   2.1897e-02   1.4513e+00
   2.5000e+00   4.0866e+00   1.6848e+02   2.1903e-02   1.4517e+00
   2.5000e+00   4.0866e+00   1.6882e+02   2.1908e-02   1.4520e+00
   2.5000e+00   4.0866e+00   1.6916e+02   2.1914e-02   1.4524e+00
   2.5000e+00   4.0866e+00   1.6950e+02   2.1920e-02   1.4528e+00
   2.5000e+00   4.0866e+00   1.6983e+02   2.1927e-02   1.4533e+00
   2.5000e+00   4.0866e+00   1.7016e+02   2.1933e-02   1.4537e+00
   2.5000e+00   4.0866e+00   1.7048e+02   2.1940e-02   1.4541e+00
   2.5000e+00   4.0866e+00   1.7080e+02   2.1947e-02   1.4546e+00
   2.5000e+00   4.0866e+00   1.7111e+02   2.1953e-02   1.4550e+00
   2.5000e+00   4.0866e+00   1.7142e+02   2.1960e-02   1.4555e+00
   2.5000e+00   4.0866e+00   1.7172e+02   2.1967e-02   1.4559e+00
   2.5000e+00   4.0866e+00   1.7202e+02   2.1974e-02   1.4564e+00
   2.5000e+00   4.0866e+00   1.7232e+02   2.1980e-02   1.4568e+00
   2.5000e+00   4.0866e+00   1.7262e+02   2.1987e-02   1.4572e+00
   2.5000e+00   4.0866e+00   1.7291e+02   2.1993e-02   1.4577e+00
   2.5000e+00   4.0866e+00   1.7319e+02   2.1999e-02   1.4581e+00
   2.5000e+00   4.0866e+00   1.7348e+02   2.2005e-02   1.4585e+00
   2.5000e+00   4.0866e+00   1.7376e+02   2.2011e-02   1.4589e+00
   2.5000e+00   4.0866e+00   1.7404e+02   2.2017e-02   1.4592e+00
   2.5000e+00   4.0866e+00   1.7432e+02   2.2023e-02   1.4596e+00
   2.5000e+00   4.0866e+00   1.7459e+02   2.2028e-02   1.4600e+00
   2.5000e+00   4.0866e+00   1.7486e+02   2.2033e-02   1.4603e+00
   2.5000e+00   4.0866e+00   1.7513e+02   2.2038e-02   1.4606e+00
   2.5000e+00   4.0866e+00   1.7540e+02   2.2043e-02   1.4609e+00
   2.5000e+00   4.0866e+00   1.7567e+02   2.2047e-02   1.4612e+00
   2.5000e+00   4.0866e+00   1.7593e+02   2.2051e-02   1.4615e+00
   2.5000e+00   4.0866e+00   1.7619e+02   2.2055e-02   1.4618e+00
   2.5000e+00   4.0866e+00   1.7645e+02   2.2059e-02   1.4620e+00
   2.5000e+00   4.0866e+00   1.7671e+02   2.2063e-02   1.4623e+00
   2.5000e+00   4.0866e+00   1.7697e+02   2.2066e-02   1.4625e+00
   2.5000e+00   4.0866e+00   1.7723e+02   2.2069e-02   1.4627e+00
   2.5000e+00   4.0866e+00   1.7748e+02   2.2072e-02   1.4629e+00
   2.5000e+00   4.0866e+00   1.7774e+02   2.2074e-02   1.4630e+00
   2.5000e+00   4.0866e+00   1.7799e+02   2.2076e-02   1.4632e+00
   2.5000e+00   4.0866e+00   1.7824e+02   2.2078e-02   1.4633e+00
   2.5000e+00   4.0866e+00   1.7850e+02   2.2080e-02   1.4634e+00
   2.5000e+00   4.0866e+00   1.7875e+02   2.2082e-02   1.4635e+00


   3.0000e+00   4.5866e+00   8.7479e+00   5.9060e+01   3.5304e+03
   3.0000e+00   4.5866e+00   1.0496e+01   2.8856e+01   1.7249e+03
   3.0000e+00   4.5866e+00   1.2244e+01   1.6322e+01   9.7565e+02
   3.0000e+00   4.5866e+00   1.3991e+01   1.0354e+01   6.1891e+02
   3.0000e+00   4.5866e+00   1.5738e+01   7.1786e+00   4.2911e+02
   3.0000e+00   4.5866e+00   1.7483e+01   5.3216e+00   3.1810e+02
   3.0000e+00   4.5866e+00   1.9228e+01   4.1419e+00   2.4759e+02
   3.0000e+00   4.5866e+00   2.0971e+01   3.3364e+00   1.9944e+02
   3.0000e+00   4.5866e+00   2.2713e+01   2.7516e+00   1.6448e+02
   3.0000e+00   4.5866e+00   2.4454e+01   2.3048e+00   1.3777e+02
   3.0000e+00   4.5866e+00   2.6193e+01   1.9492e+00   1.1652e+02
   3.0000e+00   4.5866e+00   2.7931e+01   1.6573e+00   9.9068e+01
   3.0000e+00   4.5866e+00   2.9667e+01   1.4120e+00   8.4404e+01
   3.0000e+00   4.5866e+00   3.1401e+01   1.2024e+00   7.1874e+01
   3.0000e+00   4.5866e+00   3.3133e+01   1.0213e+00   6.1048e+01
   3.0000e+00   4.5866e+00   3.4863e+01   8.6370e-01   5.1629e+01
   3.0000e+00   4.5866e+00   3.6591e+01   7.2610e-01   4.3404e+01
   3.0000e+00   4.5866e+00   3.8317e+01   6.0586e-01   3.6216e+01
   3.0000e+00   4.5866e+00   4.0041e+01   5.0095e-01   2.9945e+01
   3.0000e+00   4.5866e+00   4.1761e+01   4.0974e-01   2.4493e+01
   3.0000e+00   4.5866e+00   4.3479e+01   3.3086e-01   1.9778e+01
   3.0000e+00   4.5866e+00   4.5195e+01   2.6314e-01   1.5730e+01
   3.0000e+00   4.5866e+00   4.6907e+01   2.0554e-01   1.2286e+01
   3.0000e+00   4.5866e+00   4.8616e+01   1.5709e-01   9.3901e+00
   3.0000e+00   4.5866e+00   5.0322e+01   1.1691e-01   6.9885e+00
   3.0000e+00   4.5866e+00   5.2024e+01   8.4182e-02   5.0321e+00
   3.0000e+00   4.5866e+00   5.3723e+01   5.8120e-02   3.4742e+00
   3.0000e+00   4.5866e+00   5.5418e+01   3.7990e-02   2.2709e+00
   3.0000e+00   4.5866e+00   5.7109e+01   2.3101e-02   1.3809e+00
   3.0000e+00   4.5866e+00   5.8796e+01   1.2804e-02   7.6536e-01
   3.0000e+00   4.5866e+00   6.0479e+01   6.4916e-03   3.8804e-01
   3.0000e+00   4.5866e+00   6.2157e+01   3.6024e-03   2.1534e-01
   3.0000e+00   4.5866e+00   6.3831e+01   3.6188e-03   2.1632e-01
   3.0000e+00   4.5866e+00   6.5500e+01   6.0681e-03   3.6273e-01
   3.0000e+00   4.5866e+00   6.7164e+01   1.0522e-02   6.2899e-01
   3.0000e+00   4.5866e+00   6.8822e+01   1.6597e-02   9.9212e-01
   3.0000e+00   4.5866e+00   7.0475e+01   2.3951e-02   1.4317e+00
   3.0000e+00   4.5866e+00   7.2122e+01   3.2280e-02   1.9296e+00
   3.0000e+00   4.5866e+00   7.3764e+01   4.1320e-02   2.4700e+00
   3.0000e+00   4.5866e+00   7.5399e+01   5.0840e-02   3.0390e+00
   3.0000e+00   4.5866e+00   7.7028e+01   6.0639e-02   3.6248e+00
   3.0000e+00   4.5866e+00   7.8650e+01   7.0543e-02   4.2168e+00
   3.0000e+00   4.5866e+00   8.0265e+01   8.0402e-02   4.8061e+00
   3.0000e+00   4.5866e+00   8.1873e+01   9.0086e-02   5.3850e+00
   3.0000e+00   4.5866e+00   8.3474e+01   9.9481e-02   5.9466e+00
   3.0000e+00   4.5866e+00   8.5067e+01   1.0849e-01   6.4851e+00
   3.0000e+00   4.5866e+00   8.6652e+01   1.1702e-01   6.9951e+00
   3.0000e+00   4.5866e+00   8.8229e+01   1.2500e-01   7.4720e+00
   3.0000e+00   4.5866e+00   8.9797e+01   1.3235e-01   7.9117e+00
   3.0000e+00   4.5866e+00   9.1356e+01   1.3902e-01   8.3103e+00
   3.0000e+00   4.5866e+00   9.2906e+01   1.4495e-01   8.6648e+00
   3.0000e+00   4.5866e+00   9.4446e+01   1.5009e-01   8.9720e+00
   3.0000e+00   4.5866e+00   9.5977e+01   1.5440e-01   9.2296e+00
   3.0000e+00   4.5866e+00   9.7497e+01   1.5785e-01   9.4358e+00
   3.0000e+00   4.5866e+00   9.9007e+01   1.6041e-01   9.5889e+00
   3.0000e+00   4.5866e+00   1.0051e+02   1.6208e-01   9.6884e+00
   3.0000e+00   4.5866e+00   1.0199e+02   1.6284e-01   9.7341e+00
   3.0000e+00   4.5866e+00   1.0347e+02   1.6272e-01   9.7265e+00
   3.0000e+00   4.5866e+00   1.0493e+02   1.6172e-01   9.6671e+00
   3.0000e+00   4.5866e+00   1.0638e+02   1.5990e-01   9.5582e+00
   3.0000e+00   4.5866e+00   1.0782e+02   1.5730e-01   9.4027e+00
   3.0000e+00   4.5866e+00   1.0925e+02   1.5398e-01   9.2045e+00
   3.0000e+00   4.5866e+00   1.1066e+02   1.5003e-01   8.9683e+00
   3.0000e+00   4.5866e+00   1.1206e+02   1.4553e-01   8.6995e+00
   3.0000e+00   4.5866e+00   1.1344e+02   1.4059e-01   8.4042e+00
   3.0000e+00   4.5866e+00   1.1481e+02   1.3532e-01   8.0892e+00
   3.0000e+00   4.5866e+00   1.1616e+02   1.2984e-01   7.7615e+00
   3.0000e+00   4.5866e+00   1.1750e+02   1.2428e-01   7.4288e+00
   3.0000e+00   4.5866e+00   1.1883e+02   1.1876e-01   7.0988e+00
   3.0000e+00   4.5866e+00   1.2013e+02   1.1341e-01   6.7795e+00
   3.0000e+00   4.5866e+00   1.2142e+02   1.0838e-01   6.4785e+00
   3.0000e+00   4.5866e+00   1.2270e+02   1.0378e-01   6.2035e+00
   3.0000e+00   4.5866e+00   1.2395e+02   9.9736e-02   5.9619e+00
   3.0000e+00   4.5866e+00   1.2519e+02   9.6365e-02   5.7604e+00
   3.0000e+00   4.5866e+00   1.2641e+02   9.3771e-02   5.6053e+00
   3.0000e+00   4.5866e+00   1.2761e+02   9.2047e-02   5.5022e+00
   3.0000e+00   4.5866e+00   1.2880e+02   9.1275e-02   5.4561e+00
   3.0000e+00   4.5866e+00   1.2996e+02   9.1523e-02   5.4709e+00
   3.0000e+00   4.5866e+00   1.3111e+02   9.2845e-02   5.5499e+00
   3.0000e+00   4.5866e+00   1.3224e+02   9.5280e-02   5.6955e+00
   3.0000e+00   4.5866e+00   1.3334e+02   9.8855e-02   5.9092e+00
   3.0000e+00   4.5866e+00   1.3443e+02   1.0358e-01   6.1915e+00
   3.0000e+00   4.5866e+00   1.3550e+02   1.0945e-01   6.5425e+00
   3.0000e+00   4.5866e+00   1.3655e+02   1.1645e-01   6.9611e+00
   3.0000e+00   4.5866e+00   1.3758e+02   1.2456e-01   7.4457e+00
   3.0000e+00   4.5866e+00   1.3859e+02   1.3373e-01   7.9941e+00
   3.0000e+00   4.5866e+00   1.3958e+02   1.4392e-01   8.6033e+00
   3.0000e+00   4.5866e+00   1.4055e+02   1.5508e-01   9.2701e+00
   3.0000e+00   4.5866e+00   1.4150e+02   1.6714e-01   9.9907e+00
   3.0000e+00   4.5866e+00   1.4243e+02   1.8002e-01   1.0761e+01
   3.0000e+00   4.5866e+00   1.4334e+02   1.9367e-01   1.1577e+01
   3.0000e+00   4.5866e+00   1.4424e+02   2.0800e-01   1.2434e+01
   3.0000e+00   4.5866e+00   1.4511e+02   2.2295e-01   1.3327e+01
   3.0000e+00   4.5866e+00   1.4596e+02   2.3842e-01   1.4252e+01
   3.0000e+00   4.5866e+00   1.4680e+02   2.5435e-01   1.5204e+01
   3.0000e+00   4.5866e+00   1.4761e+02   2.7066e-01   1.6179e+01
   3.0000e+00   4.5866e+00   1.4841e+02   2.8728e-01   1.7173e+01
   3.0000e+00   4.5866e+00   1.4919e+02   3.0414e-01   1.8180e+01
   3.0000e+00   4.5866e+00   1.4995e+02   3.2116e-01   1.9198e+01
   3.0000e+00   4.5866e+00   1.5070e+02   3.3829e-01   2.0222e+01
   3.0000e+00   4.5866e+00   1.5142e+02   3.5547e-01   2.1249e+01
   3.0000e+00   4.5866e+00   1.5213e+02   3.7265e-01   2.2275e+01
   3.0000e+00   4.5866e+00   1.5283e+02   3.8976e-01   2.3298e+01
   3.0000e+00   4.5866e+00   1.5350e+02   4.0677e-01   2.4315e+01
   3.0000e+00   4.5866e+00   1.5416e+02   4.2363e-01   2.5323e+01
   3.0000e+00   4.5866e+00   1.5481e+02   4.4031e-01   2.6320e+01
   3.0000e+00   4.5866e+00   1.5544e+02   4.5678e-01   2.7304e+01
   3.0000e+00   4.5866e+00   1.5606e+02   4.7299e-01   2.8274e+01
   3.0000e+00   4.5866e+00   1.5666e+02   4.8893e-01   2.9226e+01
   3.0000e+00   4.5866e+00   1.5725e+02   5.0458e-01   3.0162e+01
   3.0000e+00   4.5866e+00   1.5782e+02   5.1991e-01   3.1078e+01
   3.0000e+00   4.5866e+00   1.5838e+02   5.3491e-01   3.1975e+01
   3.0000e+00   4.5866e+00   1.5893e+02   5.4957e-01   3.2851e+01
   3.0000e+00   4.5866e+00   1.5947e+02   5.6387e-01   3.3706e+01
   3.0000e+00   4.5866e+00   1.5999e+02   5.7782e-01   3.4540e+01
   3.0000e+00   4.5866e+00   1.6051e+02   5.9139e-01   3.5351e+01
   3.0000e+00   4.5866e+00   1.6101e+02   6.0460e-01   3.6141e+01
   3.0000e+00   4.5866e+00   1.6150e+02   6.1744e-01   3.6908e+01
   3.0000e+00   4.5866e+00   1.6198e+02   6.2990e-01   3.7653e+01
   3.0000e+00   4.5866e+00   1.6245e+02   6.4199e-01   3.8376e+01
   3.0000e+00   4.5866e+00   1.6291e+02   6.5371e-01   3.9077e+01
   3.0000e+00   4.5866e+00   1.6336e+02   6.6507e-01   3.9756e+01
   3.0000e+00   4.5866e+00   1.6380e+02   6.7607e-01   4.0413e+01
   3.0000e+00   4.5866e+00   1.6423e+02   6.8671e-01   4.1049e+01
   3.0000e+00   4.5866e+00   1.6465e+02   6.9699e-01   4.1664e+01
   3.0000e+00   4.5866e+00   1.6507e+02   7.0693e-01   4.2258e+01
   3.0000e+00   4.5866e+00   1.6547e+02   7.1654e-01   4.2832e+01
   3.0000e+00   4.5866e+00   1.6587e+02   7.2581e-01   4.3386e+01
   3.0000e+00   4.5866e+00   1.6627e+02   7.3476e-01   4.3921e+01
   3.0000e+00   4.5866e+00   1.6665e+02   7.4339e-01   4.4437e+01
   3.0000e+00   4.5866e+00   1.6703e+02   7.5171e-01   4.4935e+01
   3.0000e+00   4.5866e+00   1.6740e+02   7.5973e-01   4.5414e+01
   3.0000e+00   4.5866e+00   1.6776e+02   7.6746e-01   4.5876e+01
   3.0000e+00   4.5866e+00   1.6812e+02   7.7490e-01   4.6321e+01
   3.0000e+00   4.5866e+00   1.6848e+02   7.8206e-01   4.6749e+01
   3.0000e+00   4.5866e+00   1.6882e+02   7.8895e-01   4.7160e+01
   3.0000e+00   4.5866e+00   1.6916e+02   7.9557e-01   4.7556e+01
   3.0000e+00   4.5866e+00   1.6950e+02   8.0194e-01   4.7937e+01
   3.0000e+00   4.5866e+00   1.6983e+02   8.0805e-01   4.8303e+01
   3.0000e+00   4.5866e+00   1.7016e+02   8.1393e-01   4.8654e+01
   3.0000e+00   4.5866e+00   1.7048e+02   8.1957e-01   4.8991e+01
   3.0000e+00   4.5866e+00   1.7080e+02   8.2498e-01   4.9314e+01
   3.0000e+00   4.5866e+00   1.7111e+02   8.3016e-01   4.9624e+01
   3.0000e+00   4.5866e+00   1.7142e+02   8.3513e-01   4.9921e+01
   3.0000e+00   4.5866e+00   1.7172e+02   8.3989e-01   5.0205e+01
   3.0000e+00   4.5866e+00   1.7202e+02   8.4444e-01   5.0477e+01
   3.0000e+00   4.5866e+00   1.7232e+02   8.4879e-01   5.0738e+01
   3.0000e+00   4.5866e+00   1.7262e+02   8.5295e-01   5.0986e+01
   3.0000e+00   4.5866e+00   1.7291e+02   8.5692e-01   5.1223e+01
   3.0000e+00   4.5866e+00   1.7319e+02   8.6070e-01   5.1449e+01
   3.0000e+00   4.5866e+00   1.7348e+02   8.6430e-01   5.1665e+01
   3.0000e+00   4.5866e+00   1.7376e+02   8.6773e-01   5.1870e+01
   3.0000e+00   4.5866e+00   1.7404e+02   8.7099e-01   5.2065e+01
   3.0000e+00   4.5866e+00   1.7432e+02   8.7408e-01   5.2249e+01
   3.0000e+00   4.5866e+00   1.7459e+02   8.7701e-01   5.2424e+01
   3.0000e+00   4.5866e+00   1.7486e+02   8.7977e-01   5.2590e+01
   3.0000e+00   4.5866e+00   1.7513e+02   8.8239e-01   5.2746e+01
   3.0000e+00   4.5866e+00   1.7540e+02   8.8484e-01   5.2893e+01
   3.0000e+00   4.5866e+00   1.7567e+02   8.8715e-01   5.3031e+01
   3.0000e+00   4.5866e+00   1.7593e+02   8.8932e-01   5.3160e+01
   3.0000e+00   4.5866e+00   1.7619e+02   8.9133e-01   5.3281e+01
   3.0000e+00   4.5866e+00   1.7645e+02   8.9321e-01   5.3393e+01
   3.0000e+00   4.5866e+00   1.7671e+02   8.9495e-01   5.3497e+01
   3.0000e+00   4.5866e+00   1.7697e+02   8.9655e-01   5.3592e+01
   3.0000e+00   4.5866e+00   1.7723e+02   8.9801e-01   5.3680e+01
   3.0000e+00   4.5866e+00   1.7748e+02   8.9934e-01   5.3759e+01
   3.0000e+00   4.5866e+00   1.7774e+02   9.0054e-01   5.3831e+01
   3.0000e+00   4.5866e+00   1.7799e+02   9.0161e-01   5.3895e+01
   3.0000e+00   4.5866e+00   1.7824e+02   9.0255e-01   5.3951e+01
   3.0000e+00   4.5866e+00   1.7850e+02   9.0336e-01   5.4000e+01
   3.0000e+00   4.5866e+00   1.7875e+02   9.0405e-01   5.4041e+01


